0 2 104 4 208
1 0 0 0 0
2 0 0 0 0
3 0 0 0 0
4 4 208 2 104
5 0 0 0 0
6 0 0 0 0
7 16 3866 12 14488
8 2118 100233584 896 49862
9 0 0 0 0
10 0 0 0 0
11 0 0 0 0
12 2 104 4 208
13 0 0 0 0
14 4 292 0 0
15 2 104 2 1314
16 4 612 0 0
17 0 0 0 0
18 4 288 0 0
19 8 2298 8 12576
20 464 20026394 170 9878
21 0 0 0 0
22 98 3113008 46 3496
23 0 0 0 0
24 4 1896 4 1312
25 0 0 0 0
26 0 0 0 0
27 0 0 0 0
28 0 0 0 0
29 8 1766 6 1998
30 0 0 0 0
31 0 0 0 0
32 0 0 0 0
33 0 0 0 0
34 6 312 4 1418
35 0 0 0 0
36 0 0 0 0
37 0 0 0 0
38 0 0 0 0
39 2 104 4 208
40 0 0 0 0
41 6 1454 4 224
42 5780 297814986 2390 126448
43 6796 367533112 2764 145936
44 6262 338724464 2558 136910
45 8412 444031800 3298 173704
46 2560 130170156 1038 56184
47 0 0 0 0
48 4 288 0 0
49 6 884 4 208
50 4 780 0 0
51 4 780 0 0
52 4 780 0 0
53 0 0 0 0
54 0 0 0 0
55 0 0 0 0
56 0 0 0 0
57 0 0 0 0
58 0 0 0 0
59 8 1766 6 1998
60 0 0 0 0
61 0 0 0 0
62 0 0 0 0
63 0 0 0 0
64 4 208 2 104
65 0 0 0 0
66 0 0 0 0
67 0 0 0 0
68 0 0 0 0
69 0 0 0 0
70 0 0 0 0
71 0 0 0 0
72 0 0 0 0
73 0 0 0 0
74 0 0 0 0
75 0 0 0 0
76 0 0 0 0
77 0 0 0 0
78 4 288 0 0
79 0 0 0 0
80 0 0 0 0
81 0 0 0 0
82 0 0 0 0
83 0 0 0 0
84 0 0 0 0
85 0 0 0 0
86 0 0 0 0
87 0 0 0 0
88 0 0 0 0
89 8 1766 6 1998
90 0 0 0 0
91 0 0 0 0
92 0 0 0 0
93 0 0 0 0
94 4 208 2 104
95 0 0 0 0
96 0 0 0 0
97 0 0 0 0
98 0 0 0 0
99 0 0 0 0
100 0 0 0 0
101 0 0 0 0
102 0 0 0 0
103 0 0 0 0
104 0 0 0 0
105 0 0 0 0
106 0 0 0 0
107 0 0 0 0
108 4 288 0 0
109 0 0 0 0
110 0 0 0 0
111 0 0 0 0
112 0 0 0 0
113 0 0 0 0
114 0 0 0 0
115 2 104 2 1314
116 0 0 0 0
117 0 0 0 0
118 0 0 0 0
119 8 1766 6 1998
120 2 104 4 208
121 0 0 0 0
122 0 0 0 0
123 0 0 0 0
124 4 208 2 104
125 0 0 0 0
126 0 0 0 0
127 0 0 0 0
128 0 0 0 0
129 0 0 0 0
130 8 2314 6 12492
131 272 530796 256 56986
132 196 287624 220 56788
133 180 229086 212 57076
134 370 3478662 344 61568
135 702 12868918 558 64370
136 960 17347600 642 67456
137 224 1648934 208 49560
138 4396 220232096 1678 91818
139 326 14111148 94 7096
140 0 0 0 0
141 0 0 0 0
142 8 416 16 832
143 2 104 4 208
144 0 0 0 0
145 0 0 0 0
146 0 0 0 0
147 0 0 0 0
148 0 0 0 0
149 8 1766 6 1998
150 2 104 2 1314
151 0 0 0 0
152 0 0 0 0
153 0 0 0 0
154 4 208 2 104
155 2 104 4 208
156 0 0 0 0
157 12 4366 10 12700
158 144 53544 118 251576
159 178 64090 156 280592
160 148 53886 146 234952
161 874 7247662 628 93710
162 826 9321488 622 72390
163 172 1026278 202 45608
164 0 0 0 0
165 0 0 0 0
166 0 0 0 0
167 14 4454 14 12888
168 174 58538 174 158320
169 256 493628 226 270244
170 82 209480 78 22230
171 4 780 0 0
172 4 780 0 0
173 144 89250 138 169838
174 0 0 0 0
175 150 87178 158 293350
176 10 520 8 5714
177 74 19804 82 270558
178 56 34014 58 15116
179 52 12208 46 89430
180 84 42864 94 196744
181 10 4246 10 12682
182 122 47068 132 274284
183 0 0 0 0
184 112 38350 120 279774
185 16 4558 16 28036
186 80 23418 84 247068
187 10 4246 10 12682
188 128 53718 130 275416
189 0 0 0 0
190 66 18718 74 270116
191 24 19950 24 1248
192 30 45642 30 8066
193 16 10760 16 3252
194 16 3318 16 8090
195 2 104 2 1314
196 0 0 0 0
197 0 0 0 0
198 4 288 0 0
199 10 520 20 1040
200 14 4470 14 12908
201 128 44720 124 395546
202 118 74008 120 30450
203 38 21012 40 15390
204 0 0 0 0
205 4 2090 4 208
206 152 56408 182 426382
207 4 1328 4 1876
208 110 39442 124 407640
209 44 14342 40 15866
210 28 8940 34 87096
211 110 45016 132 336038
212 0 0 0 0
213 160 102304 194 424594
214 12 624 8 4046
215 82 22858 84 145498
216 80 110834 100 286136
217 0 0 0 0
218 0 0 0 0
219 0 0 0 0
220 148 141102 150 182246
221 8 416 8 5256
222 82 25344 82 166662
223 62 98036 64 24784
224 12 3680 12 12784
225 156 67292 156 201382
226 0 0 0 0
227 128 97300 124 184984
228 40 25240 36 13972
229 8 4142 8 12578
230 84 26134 84 163642
231 30 80660 30 1560
232 0 0 0 0
233 0 0 0 0
234 0 0 0 0
235 12 10290 12 3044
236 56 125336 54 7672
237 0 0 0 0
238 12 19840 12 3044
239 28 24204 26 7878
240 10 520 10 6570
241 0 0 0 0
242 0 0 0 0
243 0 0 0 0
244 6 312 6 312
245 22 4886 30 13740
246 236 404802 212 196254
247 156 232468 158 42144
248 0 0 0 0
249 14 4454 14 12890
250 190 130110 182 211150
251 2 104 2 1314
252 42 9658 42 87512
253 36 11960 32 78354
254 4 292 0 0
255 16 2714 26 13514
256 42 124226 34 5434
257 14 4454 10 12682
258 184 726572 162 104700
259 12 3680 12 12786
260 208 791050 178 134774
261 2 1224 2 104
262 176 686118 174 150750
263 36 71276 42 14284
264 0 0 0 0
265 150 151736 154 191726
266 0 0 0 0
267 124 193672 130 176838
268 0 0 0 0
269 8 1766 6 1998
270 0 0 0 0
271 0 0 0 0
272 76 15184 92 163900
273 48 20896 36 1968
274 14 728 16 8104
275 0 0 0 0
276 0 0 0 0
277 126 142006 124 189112
278 42 68712 42 13074
279 52 14596 48 112388
280 94 251110 88 36962
281 38 11302 38 94398
282 78 91270 80 59914
283 72 34514 72 122636
284 36 33936 36 13972
285 30 7142 30 86888
286 68 46728 64 44236
287 38 9450 36 87200
288 14 4494 14 30874
289 8 1068 0 0
290 4 780 0 0
291 38 15034 38 16600
292 4 780 0 0
293 146 166662 136 120446
294 6 312 6 3942
295 114 117134 114 140812
296 8 416 6 3942
297 114 123960 110 143944
298 0 0 0 0
299 190 671366 180 153624
300 8 416 6 3942
301 142 276960 130 143252
302 10 15120 8 2836
303 0 0 0 0
304 4 208 2 104
305 0 0 0 0
306 6 312 12 624
307 34 7366 38 87322
308 94 67738 82 79546
309 8 3418 8 2084
310 88 55686 86 141304
311 16 5744 12 27828
312 120 163942 116 122710
313 4 2090 4 208
314 174 419546 168 167528
315 0 0 0 0
316 164 228206 160 163844
317 4 208 2 1314
318 76 24154 74 159000
319 66 84154 60 15244
320 40 7662 42 87512
321 76 77264 70 55920
322 0 0 0 0
323 80 30120 80 127968
324 2 1224 2 104
325 106 87390 96 115936
326 0 0 0 0
327 138 137034 134 138042
328 0 0 0 0
329 172 274850 174 152756
330 0 0 0 0
331 152 251088 148 180546
332 0 0 0 0
333 118 159576 114 169102
334 18 21856 16 6882
335 0 0 0 0
336 0 0 0 0
337 122 77480 116 190280
338 0 0 0 0
339 104 57286 98 199854
340 48 159032 50 14700
341 48 13670 44 99162
342 106 171704 98 59314
343 4 2090 4 208
344 162 153564 164 527374
345 0 0 0 0
346 162 147568 156 499274
347 8 416 6 3942
348 118 82196 110 485968
349 34 34002 28 12346
350 0 0 0 0
351 134 84060 124 492770
352 2 104 2 1314
353 134 113110 122 491424
354 16 9894 18 8194
355 138 93842 136 489700
356 28 33362 28 11138
357 118 83916 118 489286
358 36 45008 36 12762
359 108 18230 104 487342
360 64 104732 62 15348
361 42 12210 38 98312
362 112 114392 112 401884
363 0 0 0 0
364 4 208 2 104
365 138 107144 132 491976
366 20 21340 20 8300
367 124 82044 118 486408
368 32 30714 32 12554
369 128 80700 118 486384
370 38 46480 40 14204
371 50 13864 46 109788
372 100 114500 98 390072
373 44 10872 42 89180
374 114 108416 118 413180
375 10 4246 10 12682
376 126 130424 124 487868
377 0 0 0 0
378 0 0 0 0
379 4 288 0 0
380 0 0 0 0
381 12 624 24 1248
382 44 12898 36 109286
383 128 112090 124 391490
384 0 0 0 0
385 48 9960 46 87720
386 136 150854 136 417746
387 0 0 0 0
388 174 128282 168 501132
389 10 1870 8 3770
390 194 182626 194 508510
391 0 0 0 0
392 154 116390 152 491806
393 18 12422 18 9406
394 128 85452 132 489556
395 10 520 8 5256
396 10 3576 10 12682
397 92 57408 100 478150
398 0 0 0 0
399 128 114158 140 498442
400 0 0 0 0
401 134 136082 142 500966
402 0 0 0 0
403 124 82494 138 498362
404 0 0 0 0
405 194 64608 218 1354514
406 46 36398 52 17224
407 4 2090 4 208
408 214 79698 224 991160
409 8 1068 0 0
410 14 4356 10 12680
411 160 31454 166 965008
412 12 4252 6 12474
413 208 72924 208 976964
414 0 0 0 0
415 200 75120 196 981224
416 28 15914 28 12346
417 24 7556 20 28268
418 206 79376 204 964116
419 8 1766 6 1998
420 136 56970 162 977036
421 36 22348 36 14430
422 44 9752 42 87512
423 160 46314 158 896340
424 4 208 2 104
425 0 0 0 0
426 196 51260 192 982250
427 0 0 0 0
428 174 75094 198 988636
429 0 0 0 0
430 162 48916 176 974134
431 36 21372 34 13868
432 46 9856 42 87512
433 160 60466 186 901426
434 0 0 0 0
435 200 94388 218 990838
436 10 1640 10 5818
437 46 13658 46 109788
438 82 41542 110 872986
439 4 288 0 0
440 144 48394 162 974620
441 16 5884 16 8092
442 42 13450 38 109364
443 102 49116 134 875442
444 0 0 0 0
445 192 93472 220 994518
446 0 0 0 0
447 44 14224 40 109500
448 160 57126 164 878218
449 26 6428 24 30138
450 208 76650 208 963118
451 0 0 0 0
452 202 56328 198 978936
453 8 416 8 5256
454 2 104 4 208
455 0 0 0 0
456 152 49540 164 976392
457 10 520 10 6570
458 48 13762 38 109372
459 108 53894 132 876554
460 20 6622 20 28244
461 160 67256 174 960140
462 0 0 0 0
463 192 89964 208 986692
464 10 520 10 6570
465 46 13658 46 109788
466 78 53272 108 875306
467 0 0 0 0
468 170 63538 192 985860
469 4 288 0 0
470 156 43936 172 975140
471 8 416 8 5256
472 162 49974 184 976222
473 32 21046 34 13868
474 42 11540 36 98184
475 148 63810 160 890320
476 0 0 0 0
477 178 83994 204 1092006
478 16 5596 16 8090
479 46 15008 44 111370
480 164 56888 162 878110
481 0 0 0 0
482 220 72446 212 988130
483 0 0 0 0
484 4 208 2 104
485 0 0 0 0
486 0 0 0 0
487 118 22450 144 974164
488 38 23050 32 7766
489 46 13658 46 109788
490 174 57440 174 878702
491 46 11748 44 98600
492 136 57510 164 889302
493 0 0 0 0
494 220 95946 242 995720
495 0 0 0 0
496 146 19262 162 973410
497 58 51800 60 15220
498 40 10214 36 87224
499 130 59714 150 899558
500 0 0 0 0
501 0 0 0 0
502 0 0 0 0
503 44 11542 38 88996
504 116 29294 140 891778
505 12 5020 8 12602
506 174 79448 184 978158
507 0 0 0 0
508 128 49116 170 973874
509 54 33802 52 18910
510 0 0 0 0
511 178 84214 196 984872
512 20 10674 22 9612
513 36 7454 36 87194
514 220 79436 218 906670
515 0 0 0 0
516 146 18858 148 972684
517 18 15932 18 4566
518 14 5574 14 14558
519 172 36432 172 966634
520 0 0 0 0
521 188 90090 214 993092
522 0 0 0 0
523 62 15160 58 110436
524 164 57584 166 878324
525 12 4350 8 12578
526 196 67258 204 975558
527 0 0 0 0
528 158 91952 190 993018
529 10 1172 0 0
530 140 19118 160 973308
531 44 36782 42 10654
532 4 780 0 0
533 0 0 0 0
534 16 5008 14 14558
535 122 29062 142 963840
536 16 4558 22 13306
537 208 91606 228 982886
538 0 0 0 0
539 148 20312 156 974786
540 58 51012 60 15220
541 10 3576 8 12578
542 184 110456 240 982246
543 0 0 0 0
544 224 250560 244 998646
545 6 312 4 2628
546 88 86908 84 135680
547 18 11976 20 9512
548 0 0 0 0
549 0 0 0 0
550 62 27310 60 128412
551 0 0 0 0
552 150 257264 128 135168
553 8 416 8 5256
554 0 0 0 0
555 164 269608 170 181746
556 0 0 0 0
557 178 368968 186 195662
558 0 0 0 0
559 118 124144 118 136590
560 0 0 0 0
561 114 82382 120 149586
562 0 0 0 0
563 0 0 0 0
564 0 0 0 0
565 116 54122 124 162278
566 2 104 0 0
567 106 58960 100 154336
568 16 10558 16 8092
569 116 58080 112 134258
570 8 416 8 5256
571 118 135068 118 134160
572 10 6992 8 4046
573 112 68832 110 142336
574 12 624 10 5358
575 140 156280 134 155370
576 18 7622 18 9432
577 0 0 0 0
578 0 0 0 0
579 102 108808 104 139522
580 4 208 4 2628
581 104 82350 104 98496
582 46 161228 44 10758
583 58 18106 60 101432
584 62 73002 58 15116
585 44 11010 36 68498
586 124 46228 118 103178
587 0 0 0 0
588 42 170490 38 1976
589 4 288 0 0
590 748 10814494 336 30782
591 0 0 0 0
592 0 0 0 0
593 0 0 0 0
594 96 31830 96 111642
595 350 3344932 308 89416
596 7024 280190452 4002 229358
597 1144 50412600 592 32990
598 2 104 2 1314
599 8 1766 6 1998
600 0 0 0 0
601 8 416 16 832
602 2 104 2 1312
603 2 104 4 208
604 4 208 2 104
605 0 0 0 0
606 0 0 0 0
607 14 4450 14 12888
608 1746 40649030 1106 113554
609 7558 295532188 4242 225564
610 0 0 0 0
611 0 0 0 0
612 2 104 2 1314
613 0 0 0 0
614 6 396 4 208
615 186 1092926 144 60424
616 916 11069976 656 68134
617 432 5326622 102 16194
618 0 0 0 0
619 18 4740 14 12890
620 658 7823280 476 140580
621 6 312 4 2628
622 14 4452 14 12890
623 236 1546988 84 168374
624 30 8996 30 27500
625 318 3565706 230 121194
626 0 0 0 0
627 434 5658138 322 152696
628 0 0 0 0
629 46 11178 70 129154
630 520 4626976 198 10320
631 26 59308 26 4982
632 58 267972 56 5348
633 0 0 0 0
634 2 104 4 208
635 78 777496 44 5942
636 2 104 2 1314
637 2 104 2 1316
638 4 208 4 2628
639 0 0 0 0
640 4 208 8 416
641 2 104 4 208
642 2 104 4 208
643 40 9516 56 126740
644 0 0 0 0
645 228 999610 128 8476
646 0 0 0 0
647 0 0 0 0
648 0 0 0 0
649 8 1068 0 0
650 2380 91198522 978 68590
651 10668 315695194 7822 410056
652 6 884 2 1314
653 0 0 0 0
654 0 0 0 0
655 8 416 16 832
656 0 0 0 0
657 4 208 6 1522
658 0 0 0 0
659 8 1766 6 1998
660 0 0 0 0
661 0 0 0 0
662 2 104 4 208
663 12 4364 10 12700
664 190 397804 180 143756
665 144 405036 172 43282
666 8 416 2 1314
667 0 0 0 0
668 96 32474 82 97110
669 162 61060 134 123628
670 84 28102 86 72570
671 458 4465334 398 35330
672 380 2556798 342 38402
673 0 0 0 0
674 0 0 0 0
675 0 0 0 0
676 434 4543390 392 231740
677 2 104 2 1314
678 390 2460000 246 218076
679 40 276000 38 9236
680 180 1059870 170 206864
681 446 4136658 166 21286
682 34 5512 64 201352
683 152 898342 148 7720
684 0 0 0 0
685 90 553122 92 12044
686 4 208 4 2628
687 6 312 6 3942
688 0 0 0 0
689 8 1766 6 1998
690 2 104 4 208
691 4 208 8 416
692 44 6024 48 200538
693 688 6185194 544 45342
694 158 1073816 158 19106
695 0 0 0 0
696 144 536874 124 204472
697 600 6859892 432 39862
698 0 0 0 0
699 306 2118794 296 226752
700 0 0 0 0
701 586 6174544 410 226606
702 42 236620 40 10574
703 4 2090 4 208
704 68 10936 74 240324
705 744 7019712 346 32536
706 6 312 6 3942
707 6 312 12 624
708 80 17182 92 280608
709 326 2115198 124 28296
710 0 0 0 0
711 224 857884 148 271636
712 52 534968 40 8130
713 56 9598 62 202918
714 558 4295020 226 95878
715 2 104 0 0
716 66 8998 62 201250
717 530 5586196 338 193128
718 0 0 0 0
719 610 4339480 446 342636
720 164 2536106 86 14176
721 12 4344 12 12786
722 648 5371190 390 331862
723 0 0 0 0
724 4 208 2 104
725 0 0 0 0
726 0 0 0 0
727 12 624 24 1248
728 0 0 0 0
729 526 4869676 416 344738
730 2 104 2 1314
731 178 1094104 162 318858
732 212 3751240 164 19466
733 0 0 0 0
734 584 4679544 404 337508
735 110 1251720 102 17406
736 4 612 0 0
737 442 3210926 338 434118
738 130 2469304 56 11406
739 4 288 0 0
740 494 5805544 340 340378
741 6 312 6 3944
742 14 4448 14 12890
743 494 4676204 292 318444
744 2 1224 2 104
745 138 807406 142 323240
746 2 104 4 208
747 64 11422 64 313910
748 596 5116896 512 38856
749 2176 99241654 888 54738
750 0 0 0 0
751 0 0 0 0
752 0 0 0 0
753 6 312 12 624
754 8 416 10 520
755 0 0 0 0
756 0 0 0 0
757 0 0 0 0
758 0 0 0 0
759 2 104 2 1314
760 0 0 0 0
761 0 0 0 0
762 0 0 0 0
763 0 0 0 0
764 10 2418 10 12700
765 58 10410 58 308612
766 8 2686 6 328
767 7618 307476950 3738 200894
768 3050 158543042 1138 60280
769 10 1172 2 1314
770 4 780 0 0
771 4 780 0 0
772 4 780 0 0
773 4 1328 4 1876
774 0 0 0 0
775 2 104 2 1314
776 0 0 0 0
777 0 0 0 0
778 2 104 4 208
779 8 1766 6 1998
780 10 2418 10 12700
781 116 28966 106 209778
782 28 5850 28 10716
783 0 0 0 0
784 2 104 4 208
785 0 0 0 0
786 0 0 0 0
787 76 21588 84 36934
788 26 5658 24 8664
789 4 1328 4 1876
790 80 27874 84 49122
791 4 208 4 2060
792 4 2090 4 208
793 76 22756 80 79304
794 0 0 0 0
795 0 0 0 0
796 62 19090 66 60930
797 20 5402 18 5566
798 0 0 0 0
799 90 28696 84 53124
800 2 104 2 1030
801 10 2402 10 12682
802 50 18734 56 106136
803 0 0 0 0
804 0 0 0 0
805 0 0 0 0
806 0 0 0 0
807 0 0 0 0
808 18 3196 20 9190
809 8 1766 6 1998
810 0 0 0 0
811 0 0 0 0
812 10 2402 10 12682
813 82 29042 100 99960
814 52 17524 64 19996
815 0 0 0 0
816 0 0 0 0
817 28 8892 26 24318
818 46 14854 54 39010
819 12 3678 10 12682
820 58 18550 60 32016
821 12 3626 12 14454
822 62 22546 66 33794
823 0 0 0 0
824 0 0 0 0
825 0 0 0 0
826 0 0 0 0
827 12 624 24 1248
828 10 2418 8 12596
829 116 35512 106 53498
830 0 0 0 0
831 72 28456 78 53054
832 22 6080 22 7626
833 38 12598 36 37234
834 132 52378 136 100472
835 28 10458 30 9804
836 0 0 0 0
837 0 0 0 0
838 0 0 0 0
839 6 1662 4 224
840 14 728 26 3022
841 0 0 0 0
842 0 0 0 0
843 0 0 0 0
844 0 0 0 0
845 4 208 2 104
846 0 0 0 0
847 0 0 0 0
848 0 0 0 0
849 0 0 0 0
850 0 0 0 0
851 522 156996 442 1561010
852 96 30606 70 210180
853 12 6170 12 9816
854 4 292 0 0
855 16 8184 14 8878
856 4 612 0 0
857 12 6170 16 10024
858 16 8178 12 9476
859 8 496 4 3780
860 14 6274 16 10024
861 12 4370 12 14946
862 0 0 0 0
863 0 0 0 0
864 2 104 4 208
865 0 0 0 0
