0 9 2084 9 2084
1 0 0 0 0
2 13 10872 13 10872
3 0 0 0 0
4 127 1247551 127 1247551
5 565 10031714 565 10031714
6 0 0 0 0
7 883 36424646 883 36424646
8 8 2895 8 2895
9 0 0 0 0
10 5 865 5 865
11 0 0 0 0
12 0 0 0 0
13 3 156 3 156
14 0 0 0 0
15 999 10635915 999 10635915
16 404 8688580 404 8688580
17 2 668 2 668
18 1600 50144867 1600 50144867
19 0 0 0 0
20 11 1177 11 1177
21 13 2192 13 2192
22 0 0 0 0
23 0 0 0 0
24 288 2232462 288 2232462
25 328 1935218 328 1935218
26 5 1094 5 1094
27 23 29166 23 29166
28 122 103339 122 103339
29 0 0 0 0
30 304 2408077 304 2408077
31 0 0 0 0
32 222 1593447 222 1593447
33 0 0 0 0
34 0 0 0 0
35 9 468 9 468
36 144 1154836 144 1154836
37 1 52 1 52
38 0 0 0 0
39 0 0 0 0
40 44 50458 44 50458
41 81 541729 81 541729
42 0 0 0 0
43 415 3837787 415 3837787
44 277 2749663 277 2749663
45 4 430 4 430
46 0 0 0 0
47 0 0 0 0
48 299 2273557 299 2273557
49 456 4561340 456 4561340
50 0 0 0 0
51 7 1880 7 1880
52 487 4679379 487 4679379
53 0 0 0 0
54 4 1151 4 1151
55 91 406653 91 406653
56 3 156 3 156
57 130 600091 130 600091
58 0 0 0 0
59 328 2899105 328 2899105
60 0 0 0 0
61 331 2718882 331 2718882
62 0 0 0 0
63 253 2586609 253 2586609
64 0 0 0 0
65 229 2571443 229 2571443
66 33 423277 33 423277
67 284 2519401 284 2519401
68 13 4306 13 4306
69 0 0 0 0
70 0 0 0 0
71 0 0 0 0
72 126 634217 126 634217
73 3 156 3 156
74 332 3857838 332 3857838
75 0 0 0 0
76 91 494121 91 494121
77 158 1624816 158 1624816
78 105 599700 105 599700
79 181 1779328 181 1779328
80 0 0 0 0
81 208 1521453 208 1521453
82 67 458472 67 458472
83 53 218454 53 218454
84 16 10231 16 10231
85 0 0 0 0
86 3 156 3 156
87 0 0 0 0
88 385 3710064 385 3710064
89 201 1859429 201 1859429
90 0 0 0 0
91 339 2990811 339 2990811
92 0 0 0 0
93 290 2524138 290 2524138
94 34 75526 34 75526
95 257 2304439 257 2304439
96 0 0 0 0
97 156 920539 156 920539
98 0 0 0 0
99 239 2889445 239 2889445
100 0 0 0 0
101 0 0 0 0
102 66 176738 66 176738
103 0 0 0 0
104 306 2822047 306 2822047
105 0 0 0 0
106 302 2879410 302 2879410
107 0 0 0 0
108 270 2523185 270 2523185
109 0 0 0 0
110 289 2379932 289 2379932
111 7 1880 7 1880
112 155 750508 155 750508
113 2 104 2 104
114 219 1458202 219 1458202
115 45 450246 45 450246
116 3 156 3 156
117 78 61100 78 61100
118 0 0 0 0
119 271 2127096 271 2127096
120 0 0 0 0
121 199 1606402 199 1606402
122 119 842501 119 842501
123 4 1604 4 1604
124 350 3094050 350 3094050
125 105 897070 105 897070
126 0 0 0 0
127 349 2821956 349 2821956
128 2 710 2 710
129 157 849658 157 849658
130 93 1642266 93 1642266
131 0 0 0 0
132 0 0 0 0
133 0 0 0 0
134 78 583431 78 583431
135 6 312 6 312
136 333 2863576 333 2863576
137 0 0 0 0
138 274 2214233 274 2214233
139 0 0 0 0
140 157 720576 157 720576
141 7 1880 7 1880
142 255 2285979 255 2285979
143 89 676855 89 676855
144 173 1534309 173 1534309
145 130 1207103 130 1207103
146 258 2484385 258 2484385
147 5 1470 5 1470
148 0 0 0 0
149 0 0 0 0
150 0 0 0 0
151 12 624 12 624
152 135 613343 135 613343
153 0 0 0 0
154 342 2845055 342 2845055
155 0 0 0 0
156 285 2235318 285 2235318
157 0 0 0 0
158 181 1273275 181 1273275
159 0 0 0 0
160 226 1766298 226 1766298
161 6 312 6 312
162 228 1992807 228 1992807
163 3 156 3 156
164 243 2975949 243 2975949
165 0 0 0 0
166 0 0 0 0
167 0 0 0 0
168 0 0 0 0
169 147 838268 147 838268
170 110 870976 110 870976
171 159 1163941 159 1163941
172 72 787881 72 787881
173 150 1130685 150 1130685
174 58 591627 58 591627
175 165 1468426 165 1468426
176 9 2282 9 2282
177 22 20541 22 20541
178 311 2891442 311 2891442
179 0 0 0 0
180 213 1124469 213 1124469
181 0 0 0 0
182 280 2704248 280 2704248
183 0 0 0 0
184 0 0 0 0
185 6 312 6 312
186 41 146030 41 146030
187 10 1730 10 1730
188 169 878046 169 878046
189 227 2185392 227 2185392
190 232 2330321 232 2330321
191 88 505489 88 505489
192 195 1820023 195 1820023
193 0 0 0 0
194 288 2757590 288 2757590
195 43 84933 43 84933
196 99 472392 99 472392
197 96 673599 96 673599
198 0 0 0 0
199 261 2605952 261 2605952
200 0 0 0 0
201 7 1880 7 1880
202 9 468 9 468
203 54 245359 54 245359
204 0 0 0 0
205 269 2514396 269 2514396
206 23 74434 23 74434
207 248 2409201 248 2409201
208 77 497968 77 497968
209 25 69709 25 69709
210 87 599937 87 599937
211 0 0 0 0
212 231 1973011 231 1973011
213 0 0 0 0
214 0 0 0 0
215 30 76427 30 76427
216 0 0 0 0
217 2733 117515061 2733 117515061
218 0 0 0 0
219 0 0 0 0
220 0 0 0 0
221 0 0 0 0
222 13 1572 13 1572
223 0 0 0 0
224 0 0 0 0
225 0 0 0 0
226 147 853047 147 853047
227 525 5439191 525 5439191
228 0 0 0 0
229 27 25992 27 25992
230 328 3039533 328 3039533
231 8 1932 8 1932
232 44 48820 44 48820
233 269 2520615 269 2520615
234 4 1151 4 1151
235 261 2390700 261 2390700
236 13 10382 13 10382
237 187 1106269 187 1106269
238 26 69270 26 69270
239 303 2747981 303 2747981
240 36 98847 36 98847
241 4 1418 4 1418
242 90 735787 90 735787
243 0 0 0 0
244 352 2704879 352 2704879
245 17 59321 17 59321
246 22 20305 22 20305
247 384 4214421 384 4214421
248 90 397371 90 397371
249 0 0 0 0
250 27 69323 27 69323
251 205 2286672 205 2286672
252 89 343478 89 343478
253 107 723733 107 723733
254 0 0 0 0
255 0 0 0 0
256 344 2905500 344 2905500
257 0 0 0 0
258 0 0 0 0
259 0 0 0 0
260 98 763241 98 763241
261 13 2192 13 2192
262 303 2335682 303 2335682
263 0 0 0 0
264 306 2847034 306 2847034
265 0 0 0 0
266 210 1880352 210 1880352
267 52 277955 52 277955
268 14 59628 14 59628
269 6 2127 6 2127
270 0 0 0 0
271 0 0 0 0
272 3 156 3 156
273 6 312 6 312
274 16 1791 16 1791
275 65 391728 65 391728
276 0 0 0 0
277 2 709 2 709
278 0 0 0 0
279 0 0 0 0
280 315 10018037 315 10018037
281 4976 221877612 4976 221877612
282 0 0 0 0
283 0 0 0 0
284 0 0 0 0
285 0 0 0 0
286 0 0 0 0
287 0 0 0 0
288 5 838 5 838
289 2 939 2 939
290 0 0 0 0
291 7 1880 7 1880
292 0 0 0 0
293 0 0 0 0
294 5 865 5 865
295 0 0 0 0
296 3 156 3 156
297 0 0 0 0
298 0 0 0 0
299 3 156 3 156
300 0 0 0 0
301 0 0 0 0
302 163 111877 163 111877
303 90 32740 90 32740
304 51 18589 51 18589
305 0 0 0 0
306 0 0 0 0
307 54 42036 54 42036
308 94 40444 94 40444
309 56 17334 56 17334
310 0 0 0 0
311 0 0 0 0
312 67 56822 67 56822
313 77 24489 77 24489
314 0 0 0 0
315 0 0 0 0
316 63 84925 63 84925
317 0 0 0 0
318 0 0 0 0
319 0 0 0 0
320 0 0 0 0
321 5 941 5 941
322 2 939 2 939
323 0 0 0 0
324 8 2268 8 2268
325 38 12724 38 12724
326 15 4608 15 4608
327 3 156 3 156
328 0 0 0 0
329 0 0 0 0
330 0 0 0 0
331 90 65396 90 65396
332 50 16255 50 16255
333 64 21692 64 21692
334 59 21986 59 21986
335 63 22194 63 22194
336 15 4609 15 4609
337 0 0 0 0
338 0 0 0 0
339 0 0 0 0
340 0 0 0 0
341 18 936 18 936
342 0 0 0 0
343 0 0 0 0
344 0 0 0 0
345 0 0 0 0
346 0 0 0 0
347 0 0 0 0
348 0 0 0 0
349 0 0 0 0
350 0 0 0 0
351 7 1880 7 1880
352 0 0 0 0
353 0 0 0 0
354 0 0 0 0
355 0 0 0 0
356 3 156 3 156
357 0 0 0 0
358 0 0 0 0
359 79 57829 79 57829
360 32 9701 32 9701
361 0 0 0 0
362 68 47528 68 47528
363 19 5785 19 5785
364 0 0 0 0
365 61 47974 61 47974
366 7 1753 7 1753
367 0 0 0 0
368 68 45228 68 45228
369 20 5852 20 5852
370 51 52577 51 52577
371 33 9577 33 9577
372 0 0 0 0
373 60 46257 60 46257
374 4 1134 4 1134
375 0 0 0 0
376 49 37195 49 37195
377 31 9590 31 9590
378 0 0 0 0
379 90 89099 90 89099
380 3 619 3 619
381 50 62436 50 62436
382 12 3402 12 3402
383 0 0 0 0
384 0 0 0 0
385 0 0 0 0
386 3 156 3 156
387 105 63842 105 63842
388 22 5779 22 5779
389 27 25169 27 25169
390 50 32861 50 32861
391 4 1604 4 1604
392 53 41714 53 41714
393 2 567 2 567
394 15 10303 15 10303
395 0 0 0 0
396 56 35988 56 35988
397 20 6245 20 6245
398 10 10229 10 10229
399 77 75006 77 75006
400 2 234 2 234
401 53 65593 53 65593
402 5 1186 5 1186
403 0 0 0 0
404 0 0 0 0
405 48 58350 48 58350
406 27 7998 27 7998
407 8 2755 8 2755
408 73 57702 73 57702
409 0 0 0 0
410 55 46790 55 46790
411 486 969467 486 969467
412 0 0 0 0
413 0 0 0 0
414 0 0 0 0
415 47 35391 47 35391
416 36 7756 36 7756
417 72 42958 72 42958
418 36 21487 36 21487
419 0 0 0 0
420 2 1283 2 1283
421 44 19978 44 19978
422 6 312 6 312
423 3 156 3 156
424 0 0 0 0
425 93 58434 93 58434
426 31 6959 31 6959
427 53 42799 53 42799
428 50 15593 50 15593
429 12 14437 12 14437
430 76 75622 76 75622
431 0 0 0 0
432 39 63264 39 63264
433 0 0 0 0
434 65 70496 65 70496
435 9 2320 9 2320
436 61 60644 61 60644
437 8 2268 8 2268
438 62 53225 62 53225
439 4 671 4 671
440 0 0 0 0
441 7 1880 7 1880
442 0 0 0 0
443 65 47428 65 47428
444 8 2268 8 2268
445 59 37849 59 37849
446 11 2424 11 2424
447 60 78209 60 78209
448 17 4701 17 4701
449 0 0 0 0
450 0 0 0 0
451 0 0 0 0
452 0 0 0 0
453 18 936 18 936
454 80 71182 80 71182
455 8 2268 8 2268
456 64 62878 64 62878
457 6 1701 6 1701
458 61 54427 61 54427
459 8 2268 8 2268
460 0 0 0 0
461 0 0 0 0
462 0 0 0 0
463 69 49373 69 49373
464 10 1620 10 1620
465 62 39537 62 39537
466 5 1186 5 1186
467 67 52978 67 52978
468 12 2580 12 2580
469 0 0 0 0
470 4 312 4 312
471 15 2684 15 2684
472 10 714 10 714
473 12 624 12 624
474 82 42560 82 42560
475 0 0 0 0
476 59 32258 59 32258
477 421 950406 421 950406
478 111 58014 111 58014
479 12 3402 12 3402
480 0 0 0 0
481 0 0 0 0
482 69 55672 69 55672
483 28 3771 28 3771
484 73 46971 73 46971
485 0 0 0 0
486 59 36490 59 36490
487 10 2835 10 2835
488 0 0 0 0
489 0 0 0 0
490 0 0 0 0
491 3 156 3 156
492 15 780 15 780
493 85 80557 85 80557
494 8 2268 8 2268
495 62 66129 62 66129
496 5 1186 5 1186
497 60 58704 60 58704
498 8 2268 8 2268
499 0 0 0 0
500 0 0 0 0
501 0 0 0 0
502 6 312 6 312
503 12 624 12 624
504 78 56088 78 56088
505 444 964883 444 964883
506 66 45087 66 45087
507 7 1753 7 1753
508 54 33610 54 33610
509 8 2268 8 2268
510 15 780 15 780
511 3 156 3 156
512 0 0 0 0
513 6 312 6 312
514 12 624 12 624
515 81 78162 81 78162
516 11 2888 11 2888
517 57 65782 57 65782
518 8 2268 8 2268
519 58 58031 58 58031
520 9 2320 9 2320
521 0 0 0 0
522 8 708 8 708
523 0 0 0 0
524 57 50177 57 50177
525 8 2268 8 2268
526 56 42363 56 42363
527 8 2268 8 2268
528 39 29257 39 29257
529 0 0 0 0
530 0 0 0 0
531 3 156 3 156
532 3 156 3 156
533 12 624 12 624
534 0 0 0 0
535 7 1880 7 1880
536 0 0 0 0
537 0 0 0 0
538 0 0 0 0
539 0 0 0 0
540 3 156 3 156
541 0 0 0 0
542 4 354 4 354
543 0 0 0 0
544 0 0 0 0
545 2 154 2 154
546 11 2821 11 2821
547 454 967054 454 967054
548 7 2913 7 2913
549 0 0 0 0
550 0 0 0 0
551 0 0 0 0
552 12 624 12 624
553 6 312 6 312
554 0 0 0 0
555 43 17742 43 17742
556 0 0 0 0
557 0 0 0 0
558 0 0 0 0
559 0 0 0 0
560 15 780 15 780
561 0 0 0 0
562 0 0 0 0
563 0 0 0 0
564 0 0 0 0
565 0 0 0 0
566 0 0 0 0
567 0 0 0 0
568 0 0 0 0
569 0 0 0 0
570 39 25009 39 25009
571 0 0 0 0
572 0 0 0 0
573 0 0 0 0
574 0 0 0 0
575 6 312 6 312
576 0 0 0 0
577 7 1880 7 1880
578 0 0 0 0
579 0 0 0 0
580 0 0 0 0
581 0 0 0 0
582 3 156 3 156
583 0 0 0 0
584 9 2113 9 2113
585 0 0 0 0
586 0 0 0 0
587 0 0 0 0
588 0 0 0 0
