0 8 1794 6 2158
1 0 0 0 0
2 0 0 0 0
3 14 3738 12 16090
4 0 0 0 0
5 0 0 0 0
6 0 0 0 0
7 0 0 0 0
8 4 208 8 416
9 2894 92909050 1724 91808
10 4 1958 4 1312
11 2 104 2 1314
12 0 0 0 0
13 0 0 0 0
14 4 1588 4 208
15 2 104 2 1972
16 8 2294 8 14196
17 0 0 0 0
18 618 20034392 376 20590
19 5994 214406612 3658 194110
20 4 1916 4 1312
21 0 0 0 0
22 0 0 0 0
23 0 0 0 0
24 8044 200301958 4592 243166
25 6296 332173068 2742 147002
26 1226 62503154 440 23984
27 8 1532 8 4504
28 0 0 0 0
29 0 0 0 0
30 0 0 0 0
31 0 0 0 0
32 4 208 8 416
33 0 0 0 0
34 0 0 0 0
35 0 0 0 0
36 0 0 0 0
37 0 0 0 0
38 0 0 0 0
39 0 0 0 0
40 0 0 0 0
41 0 0 0 0
42 0 0 0 0
43 0 0 0 0
44 0 0 0 0
45 0 0 0 0
46 0 0 0 0
47 0 0 0 0
48 0 0 0 0
49 8 1754 6 1998
50 0 0 0 0
51 0 0 0 0
52 0 0 0 0
53 2 104 2 1314
54 4 208 2 104
55 0 0 0 0
56 0 0 0 0
57 0 0 0 0
58 2 104 4 208
59 0 0 0 0
60 0 0 0 0
61 0 0 0 0
62 0 0 0 0
63 1658 21279772 1140 125478
64 1962 43095856 1016 98910
65 14836 640967518 7654 405644
66 8 4014 8 2624
67 0 0 0 0
68 0 0 0 0
69 6 312 12 624
70 0 0 0 0
71 0 0 0 0
72 0 0 0 0
73 2 104 2 1314
74 0 0 0 0
75 0 0 0 0
76 0 0 0 0
77 0 0 0 0
78 2 104 4 208
79 8 1754 6 1998
80 0 0 0 0
81 0 0 0 0
82 0 0 0 0
83 0 0 0 0
84 4 208 2 104
85 0 0 0 0
86 0 0 0 0
87 0 0 0 0
88 2 104 2 1314
89 0 0 0 0
90 2 104 2 1314
91 0 0 0 0
92 0 0 0 0
93 2 104 4 208
94 0 0 0 0
95 2 104 4 208
96 0 0 0 0
97 0 0 0 0
98 62 21178 58 122090
99 146 54446 140 138168
100 320 3361298 190 28402
101 0 0 0 0
102 0 0 0 0
103 0 0 0 0
104 0 0 0 0
105 6 312 12 624
106 0 0 0 0
107 0 0 0 0
108 0 0 0 0
109 8 1754 6 1998
110 0 0 0 0
111 0 0 0 0
112 0 0 0 0
113 0 0 0 0
114 4 208 2 104
115 0 0 0 0
116 0 0 0 0
117 0 0 0 0
118 0 0 0 0
119 0 0 0 0
120 0 0 0 0
121 0 0 0 0
122 0 0 0 0
123 0 0 0 0
124 0 0 0 0
125 0 0 0 0
126 0 0 0 0
127 0 0 0 0
128 0 0 0 0
129 0 0 0 0
130 0 0 0 0
131 0 0 0 0
132 0 0 0 0
133 0 0 0 0
134 0 0 0 0
135 0 0 0 0
136 0 0 0 0
137 0 0 0 0
138 0 0 0 0
139 294 2883878 210 75406
140 4 208 4 2628
141 296 3959622 284 77720
142 30 492736 32 6504
143 210 2385276 200 108972
144 58 761996 46 9652
145 10 3568 10 14302
146 356 4422584 266 98942
147 0 0 0 0
148 140 662596 134 106422
149 0 0 0 0
150 132 50464 118 137302
151 0 0 0 0
152 246 530456 244 141730
153 4 208 0 0
154 80 25080 72 89342
155 242 821232 224 69366
156 0 0 0 0
157 0 0 0 0
158 0 0 0 0
159 0 0 0 0
160 12 624 24 1248
161 0 0 0 0
162 0 0 0 0
163 0 0 0 0
164 0 0 0 0
165 0 0 0 0
166 0 0 0 0
167 0 0 0 0
168 0 0 0 0
169 8 1754 6 1998
170 0 0 0 0
171 0 0 0 0
172 0 0 0 0
173 0 0 0 0
174 2 104 4 208
175 0 0 0 0
176 0 0 0 0
177 0 0 0 0
178 0 0 0 0
179 0 0 0 0
180 0 0 0 0
181 0 0 0 0
182 0 0 0 0
183 0 0 0 0
184 0 0 0 0
185 0 0 0 0
186 0 0 0 0
187 0 0 0 0
188 0 0 0 0
189 0 0 0 0
190 6 1444 4 224
191 442 3384314 356 130202
192 0 0 0 0
193 392 3241468 276 199892
194 350 6232194 212 21962
195 14 4446 14 14510
196 400 4711154 306 185732
197 0 0 0 0
198 286 1877338 288 198502
199 36 8796 34 35570
200 278 2676836 234 164820
201 0 0 0 0
202 410 3706704 296 190482
203 126 935506 112 17924
204 20 5428 14 14534
205 410 3077828 248 180232
206 14 4446 14 14510
207 118 52836 116 197144
208 0 0 0 0
209 0 0 0 0
210 0 0 0 0
211 0 0 0 0
212 12 624 24 1248
213 0 0 0 0
214 0 0 0 0
215 0 0 0 0
216 0 0 0 0
217 0 0 0 0
218 0 0 0 0
219 0 0 0 0
220 0 0 0 0
221 0 0 0 0
222 0 0 0 0
223 0 0 0 0
224 0 0 0 0
225 0 0 0 0
226 0 0 0 0
227 0 0 0 0
228 0 0 0 0
229 8 1754 6 1998
230 0 0 0 0
231 0 0 0 0
232 0 0 0 0
233 0 0 0 0
234 4 208 2 104
235 0 0 0 0
236 12 3650 8 448
237 150 67072 136 134576
238 0 0 0 0
239 74 24610 70 90140
240 114 184720 112 52660
241 0 0 0 0
242 114 216484 114 77910
243 36 9348 36 46122
244 126 110470 128 92712
245 0 0 0 0
246 172 216820 160 145406
247 60 37906 66 21582
248 0 0 0 0
249 152 52064 148 148624
250 1430 30377500 1052 137850
251 0 0 0 0
252 50 16932 46 91708
253 294 3175936 262 37418
254 0 0 0 0
255 4 208 8 416
256 0 0 0 0
257 0 0 0 0
258 8 416 16 832
259 8 1754 6 1998
260 0 0 0 0
261 0 0 0 0
262 0 0 0 0
263 0 0 0 0
264 4 208 4 208
265 0 0 0 0
266 0 0 0 0
267 0 0 0 0
268 0 0 0 0
269 0 0 0 0
270 0 0 0 0
271 0 0 0 0
272 0 0 0 0
273 98 71632 80 78688
274 0 0 0 0
275 102 86998 102 99020
276 6 312 4 2628
277 98 54080 100 91650
278 4 208 2 1314
279 104 75746 110 107456
280 8 416 8 5256
281 108 131600 110 98156
282 10 520 10 6570
283 98 198780 94 77452
284 52 110216 54 14908
285 14 4442 14 14510
286 100 102980 98 74594
287 0 0 0 0
288 468 4462156 334 93968
289 8 1754 6 1998
290 0 0 0 0
291 2 104 4 208
292 0 0 0 0
293 10 520 20 1040
294 4 208 2 104
295 0 0 0 0
296 0 0 0 0
297 0 0 0 0
298 0 0 0 0
299 0 0 0 0
300 0 0 0 0
301 0 0 0 0
302 0 0 0 0
303 0 0 0 0
304 0 0 0 0
305 0 0 0 0
306 0 0 0 0
307 0 0 0 0
308 0 0 0 0
309 0 0 0 0
310 0 0 0 0
311 0 0 0 0
312 0 0 0 0
313 0 0 0 0
314 0 0 0 0
315 0 0 0 0
316 0 0 0 0
317 0 0 0 0
318 0 0 0 0
319 8 1754 6 1998
320 0 0 0 0
321 0 0 0 0
322 0 0 0 0
323 6 1444 4 224
324 102 340406 68 129696
325 0 0 0 0
326 684 6535830 390 156932
327 0 0 0 0
328 412 4775752 300 147354
329 0 0 0 0
330 254 1395058 208 143762
331 0 0 0 0
332 554 5723072 402 156318
333 0 0 0 0
334 494 4126702 322 148504
335 0 0 0 0
336 478 6473530 440 155826
337 0 0 0 0
338 492 4990568 322 179378
339 6 312 12 624
340 0 0 0 0
341 0 0 0 0
342 0 0 0 0
343 6 312 12 624
344 0 0 0 0
345 0 0 0 0
346 0 0 0 0
347 0 0 0 0
348 0 0 0 0
349 8 1754 6 1998
350 0 0 0 0
351 0 0 0 0
352 0 0 0 0
353 0 0 0 0
354 4 208 2 104
355 0 0 0 0
356 0 0 0 0
357 0 0 0 0
358 0 0 0 0
359 0 0 0 0
360 0 0 0 0
361 6 1444 4 224
362 460 4370772 338 101344
363 0 0 0 0
364 352 3720532 238 105080
365 0 0 0 0
366 370 5375336 294 111684
367 0 0 0 0
368 358 2044566 272 204882
369 0 0 0 0
370 498 5426514 356 156800
371 8 416 2 1314
372 0 0 0 0
373 520 5579398 328 152926
374 52 393392 48 12248
375 456 5106680 260 148132
376 54 420720 18 5776
377 350 3683226 216 148264
378 0 0 0 0
379 8 1754 6 1998
380 0 0 0 0
381 0 0 0 0
382 12 624 24 1248
383 0 0 0 0
384 4 208 2 104
385 0 0 0 0
386 0 0 0 0
387 0 0 0 0
388 0 0 0 0
389 0 0 0 0
390 0 0 0 0
391 0 0 0 0
392 0 0 0 0
393 0 0 0 0
394 0 0 0 0
395 0 0 0 0
396 0 0 0 0
397 0 0 0 0
398 0 0 0 0
399 0 0 0 0
400 0 0 0 0
401 0 0 0 0
402 0 0 0 0
403 0 0 0 0
404 0 0 0 0
405 0 0 0 0
406 0 0 0 0
407 0 0 0 0
408 0 0 0 0
409 8 1754 6 1998
410 0 0 0 0
411 0 0 0 0
412 0 0 0 0
413 0 0 0 0
414 4 208 2 104
415 0 0 0 0
416 0 0 0 0
417 0 0 0 0
418 0 0 0 0
419 4 224 2 120
420 44 14046 48 134550
421 0 0 0 0
422 0 0 0 0
423 0 0 0 0
424 0 0 0 0
425 4 208 8 416
426 92 531590 62 19462
427 0 0 0 0
428 572 4842786 430 163124
429 0 0 0 0
430 340 2056708 290 253916
431 2 104 2 1972
432 520 5503520 330 157968
433 0 0 0 0
434 502 5885154 360 160740
435 4 208 4 2628
436 342 5180162 248 150510
437 22 376688 12 5464
438 546 4288950 328 156608
439 10 3248 8 2102
440 2 104 2 1836
441 0 0 0 0
442 48 12432 48 131182
443 10 520 20 1040
444 0 0 0 0
445 56 288772 36 2000
446 8440 379203510 4282 229438
447 0 0 0 0
448 0 0 0 0
449 0 0 0 0
450 0 0 0 0
451 4 208 8 416
452 0 0 0 0
453 0 0 0 0
454 0 0 0 0
455 0 0 0 0
456 0 0 0 0
457 0 0 0 0
458 0 0 0 0
459 0 0 0 0
460 0 0 0 0
461 0 0 0 0
462 0 0 0 0
463 0 0 0 0
464 0 0 0 0
465 0 0 0 0
466 0 0 0 0
467 0 0 0 0
468 0 0 0 0
469 8 1754 6 1998
470 2 104 2 1314
471 0 0 0 0
472 0 0 0 0
473 0 0 0 0
474 2 104 4 208
475 2 104 4 208
476 0 0 0 0
477 0 0 0 0
478 0 0 0 0
479 13484 451156984 8242 568278
480 9236 312968608 5546 292808
481 0 0 0 0
482 0 0 0 0
483 0 0 0 0
484 0 0 0 0
485 4 1330 4 1418
486 7840 281695614 4728 247998
487 2200 79540840 1320 69744
488 0 0 0 0
489 0 0 0 0
490 0 0 0 0
491 0 0 0 0
492 0 0 0 0
493 0 0 0 0
494 0 0 0 0
495 0 0 0 0
496 0 0 0 0
497 0 0 0 0
498 0 0 0 0
499 8 1754 6 1998
500 8 1548 6 1998
501 0 0 0 0
502 0 0 0 0
503 0 0 0 0
504 4 208 2 104
505 2 104 4 208
506 0 0 0 0
507 0 0 0 0
508 0 0 0 0
509 0 0 0 0
510 0 0 0 0
511 0 0 0 0
512 0 0 0 0
513 0 0 0 0
514 0 0 0 0
515 2 104 2 1314
516 0 0 0 0
517 0 0 0 0
518 2 104 2 1314
519 0 0 0 0
520 2 104 4 208
521 0 0 0 0
522 0 0 0 0
523 2 104 4 208
524 2 104 2 1314
525 0 0 0 0
526 0 0 0 0
527 0 0 0 0
528 0 0 0 0
529 10 1858 10 2206
530 0 0 0 0
531 0 0 0 0
532 0 0 0 0
533 0 0 0 0
534 4 208 2 104
535 120 39662 114 54332
536 30 10586 42 14222
537 2 104 2 1772
538 64 24138 76 84856
539 66 23772 84 26592
540 6 312 0 0
541 0 0 0 0
542 0 0 0 0
543 0 0 0 0
544 12 624 24 1248
545 0 0 0 0
546 0 0 0 0
547 0 0 0 0
548 0 0 0 0
549 0 0 0 0
550 0 0 0 0
551 0 0 0 0
552 0 0 0 0
553 0 0 0 0
554 0 0 0 0
555 0 0 0 0
556 0 0 0 0
557 0 0 0 0
558 0 0 0 0
559 8 1754 6 1998
560 0 0 0 0
561 0 0 0 0
562 0 0 0 0
563 0 0 0 0
564 2 104 4 208
565 0 0 0 0
566 0 0 0 0
567 0 0 0 0
568 0 0 0 0
569 0 0 0 0
570 0 0 0 0
571 0 0 0 0
572 0 0 0 0
573 0 0 0 0
574 0 0 0 0
575 0 0 0 0
576 0 0 0 0
577 0 0 0 0
578 0 0 0 0
579 0 0 0 0
580 0 0 0 0
581 0 0 0 0
582 0 0 0 0
583 0 0 0 0
584 0 0 0 0
585 0 0 0 0
586 0 0 0 0
587 0 0 0 0
588 0 0 0 0
589 8 1754 6 1998
590 0 0 0 0
591 0 0 0 0
592 0 0 0 0
593 110 34148 98 46650
594 46 15466 50 13712
595 12 624 12 6180
596 0 0 0 0
597 0 0 0 0
598 0 0 0 0
599 0 0 0 0
600 12 624 24 1248
601 0 0 0 0
602 0 0 0 0
603 0 0 0 0
604 0 0 0 0
605 0 0 0 0
606 0 0 0 0
607 0 0 0 0
608 0 0 0 0
609 0 0 0 0
610 0 0 0 0
611 0 0 0 0
612 0 0 0 0
613 0 0 0 0
614 0 0 0 0
615 0 0 0 0
616 0 0 0 0
617 0 0 0 0
618 0 0 0 0
619 8 1754 6 1998
620 0 0 0 0
621 0 0 0 0
622 0 0 0 0
623 0 0 0 0
624 4 208 2 104
625 0 0 0 0
626 0 0 0 0
627 110 36756 104 79458
628 58 23452 72 20412
629 12 624 12 6180
630 0 0 0 0
631 0 0 0 0
632 0 0 0 0
633 0 0 0 0
634 12 624 24 1248
635 0 0 0 0
636 0 0 0 0
637 0 0 0 0
638 0 0 0 0
639 0 0 0 0
640 0 0 0 0
641 0 0 0 0
642 0 0 0 0
643 0 0 0 0
644 0 0 0 0
645 0 0 0 0
646 102 32942 96 122850
647 60 23604 72 20412
648 12 624 12 6180
649 8 1754 6 1998
650 0 0 0 0
651 0 0 0 0
652 0 0 0 0
653 12 624 24 1248
654 4 208 2 104
655 0 0 0 0
656 0 0 0 0
657 0 0 0 0
658 0 0 0 0
659 0 0 0 0
660 0 0 0 0
661 0 0 0 0
662 0 0 0 0
663 0 0 0 0
664 0 0 0 0
665 0 0 0 0
666 0 0 0 0
667 0 0 0 0
668 0 0 0 0
669 0 0 0 0
670 0 0 0 0
671 0 0 0 0
672 0 0 0 0
673 0 0 0 0
674 0 0 0 0
675 0 0 0 0
676 0 0 0 0
677 0 0 0 0
678 0 0 0 0
679 8 1754 6 1998
680 0 0 0 0
681 0 0 0 0
682 0 0 0 0
683 0 0 0 0
684 4 208 2 104
685 0 0 0 0
686 0 0 0 0
687 0 0 0 0
688 0 0 0 0
689 4 224 2 120
690 40 13838 40 60680
691 0 0 0 0
692 0 0 0 0
693 0 0 0 0
694 0 0 0 0
695 4 208 8 416
696 0 0 0 0
697 0 0 0 0
698 0 0 0 0
699 0 0 0 0
700 0 0 0 0
701 0 0 0 0
702 0 0 0 0
703 124 41454 122 42458
704 14 1868 14 6284
705 0 0 0 0
706 0 0 0 0
707 0 0 0 0
708 0 0 0 0
709 20 2378 30 3246
710 0 0 0 0
711 0 0 0 0
712 0 0 0 0
713 0 0 0 0
714 4 208 2 104
715 0 0 0 0
716 0 0 0 0
717 0 0 0 0
718 0 0 0 0
719 8 1812 6 2198
720 0 0 0 0
721 0 0 0 0
722 0 0 0 0
723 0 0 0 0
724 2 104 4 208
725 0 0 0 0
726 0 0 0 0
727 0 0 0 0
728 0 0 0 0
729 0 0 0 0
730 0 0 0 0
731 0 0 0 0
732 0 0 0 0
733 0 0 0 0
734 0 0 0 0
735 0 0 0 0
736 0 0 0 0
737 0 0 0 0
738 0 0 0 0
739 12 3352 10 3938
740 0 0 0 0
741 0 0 0 0
742 0 0 0 0
743 0 0 0 0
744 2 104 4 208
745 0 0 0 0
746 0 0 0 0
747 0 0 0 0
748 0 0 0 0
749 8 1794 6 328
750 48 15906 50 112246
751 4 436 6 2180
752 0 0 0 0
753 82 25430 74 28814
754 48 17316 62 19892
755 0 0 0 0
756 0 0 0 0
757 0 0 0 0
758 0 0 0 0
759 12 624 24 1248
760 0 0 0 0
761 0 0 0 0
762 0 0 0 0
763 0 0 0 0
764 0 0 0 0
765 0 0 0 0
766 0 0 0 0
767 0 0 0 0
768 0 0 0 0
769 8 1754 6 1998
770 0 0 0 0
771 0 0 0 0
772 0 0 0 0
773 0 0 0 0
774 4 208 2 104
775 0 0 0 0
776 0 0 0 0
777 0 0 0 0
778 0 0 0 0
779 0 0 0 0
780 0 0 0 0
781 0 0 0 0
782 0 0 0 0
783 0 0 0 0
784 0 0 0 0
785 16 6352 14 11382
786 0 0 0 0
787 0 0 0 0
788 0 0 0 0
789 0 0 0 0
790 2 104 4 208
791 0 0 0 0
792 0 0 0 0
793 0 0 0 0
794 0 0 0 0
795 0 0 0 0
796 0 0 0 0
797 106 34108 100 73768
798 24 5672 26 9686
799 8 1754 6 1998
800 0 0 0 0
801 0 0 0 0
802 20 8346 18 11922
803 12 624 24 1248
804 0 0 0 0
805 12 6128 8 10992
806 0 0 0 0
807 2 104 4 208
808 0 0 0 0
809 2 2436 0 0
810 8 1806 10 16246
811 0 0 0 0
812 0 0 0 0
813 0 0 0 0
814 0 0 0 0
815 2 104 4 208
816 0 0 0 0
817 0 0 0 0
818 0 0 0 0
819 0 0 0 0
820 0 0 0 0
821 0 0 0 0
822 0 0 0 0
823 0 0 0 0
824 76 24462 66 43438
825 30 6932 32 11858
826 62 20910 62 49938
827 12 1694 12 5254
828 64 23254 68 55588
829 22 3572 22 9312
830 0 0 0 0
831 0 0 0 0
832 0 0 0 0
833 0 0 0 0
834 104 28022 104 74790
835 16 1956 16 7318
836 54 20780 56 66522
837 30 7176 32 11850
838 58 20656 58 60226
839 20 4278 20 8448
840 2 104 4 1876
841 0 0 0 0
842 0 0 0 0
843 0 0 0 0
844 10 520 20 1040
845 86 24538 82 57332
846 8 416 6 3090
847 72 23610 74 54428
848 8 416 8 4120
849 58 20246 58 59666
850 8 416 6 3090
851 0 0 0 0
852 4 208 8 416
853 0 0 0 0
854 2 104 4 208
855 6 312 12 624
856 0 0 0 0
857 0 0 0 0
858 0 0 0 0
859 8 1754 6 1998
860 0 0 0 0
861 0 0 0 0
862 0 0 0 0
863 0 0 0 0
864 4 208 2 104
865 0 0 0 0
866 0 0 0 0
867 0 0 0 0
868 0 0 0 0
869 0 0 0 0
870 0 0 0 0
871 0 0 0 0
872 0 0 0 0
873 0 0 0 0
874 0 0 0 0
875 0 0 0 0
876 0 0 0 0
877 0 0 0 0
878 0 0 0 0
879 0 0 0 0
880 0 0 0 0
881 0 0 0 0
882 0 0 0 0
883 0 0 0 0
884 0 0 0 0
885 0 0 0 0
886 0 0 0 0
887 0 0 0 0
888 0 0 0 0
889 8 1754 6 1998
890 0 0 0 0
891 0 0 0 0
892 0 0 0 0
893 0 0 0 0
894 4 208 2 104
895 0 0 0 0
896 0 0 0 0
897 0 0 0 0
898 0 0 0 0
899 4 224 2 120
900 32 9724 30 42280
901 0 0 0 0
902 0 0 0 0
903 0 0 0 0
904 0 0 0 0
905 4 208 8 416
906 0 0 0 0
907 0 0 0 0
908 0 0 0 0
909 0 0 0 0
910 6 1708 4 224
911 2 104 2 1974
912 0 0 0 0
913 0 0 0 0
914 0 0 0 0
915 0 0 0 0
916 2 104 4 208
917 0 0 0 0
918 0 0 0 0
919 8 1754 6 1998
920 0 0 0 0
921 0 0 0 0
922 0 0 0 0
923 0 0 0 0
924 4 208 2 104
925 0 0 0 0
926 0 0 0 0
927 0 0 0 0
928 6 1444 4 224
929 14 3666 12 17020
930 0 0 0 0
931 0 0 0 0
932 10 4278 8 3264
933 10 2292 8 3944
934 4 208 8 416
935 0 0 0 0
936 0 0 0 0
937 0 0 0 0
938 4 208 8 416
939 0 0 0 0
940 0 0 0 0
941 0 0 0 0
942 0 0 0 0
943 0 0 0 0
944 0 0 0 0
945 0 0 0 0
946 0 0 0 0
947 0 0 0 0
948 0 0 0 0
949 8 1754 6 1998
950 0 0 0 0
951 0 0 0 0
952 0 0 0 0
953 0 0 0 0
