0 9 2131 9 2131
1 0 0 0 0
2 553 4146675 553 4146675
3 455 6053224 455 6053224
4 613 6974874 613 6974874
5 699 9237356 699 9237356
6 238 2235552 238 2235552
7 0 0 0 0
8 9 767 9 767
9 0 0 0 0
10 0 0 0 0
11 18 936 18 936
12 0 0 0 0
13 69 161901 69 161901
14 550 4418447 550 4418447
15 598 6679202 598 6679202
16 590 7012413 590 7012413
17 648 8366723 648 8366723
18 197 2162607 197 2162607
19 0 0 0 0
20 0 0 0 0
21 0 0 0 0
22 0 0 0 0
23 18 936 18 936
24 0 0 0 0
25 0 0 0 0
26 8 708 8 708
27 0 0 0 0
28 0 0 0 0
29 0 0 0 0
30 0 0 0 0
31 0 0 0 0
32 5 941 5 941
33 2 939 2 939
34 0 0 0 0
35 0 0 0 0
36 0 0 0 0
37 4 430 4 430
38 3 156 3 156
39 79 164400 79 164400
40 2 709 2 709
41 0 0 0 0
42 0 0 0 0
43 0 0 0 0
44 3 156 3 156
45 3 156 3 156
46 4 354 4 354
47 0 0 0 0
48 0 0 0 0
49 0 0 0 0
50 0 0 0 0
51 65 56802 65 56802
52 2 709 2 709
53 0 0 0 0
54 0 0 0 0
55 0 0 0 0
56 0 0 0 0
57 3 156 3 156
58 0 0 0 0
59 0 0 0 0
60 0 0 0 0
61 69 57500 69 57500
62 12 3884 12 3884
63 0 0 0 0
64 0 0 0 0
65 0 0 0 0
66 3 156 3 156
67 6 312 6 312
68 0 0 0 0
69 0 0 0 0
70 0 0 0 0
71 0 0 0 0
72 0 0 0 0
73 0 0 0 0
74 0 0 0 0
75 0 0 0 0
76 0 0 0 0
77 0 0 0 0
78 0 0 0 0
79 0 0 0 0
80 0 0 0 0
81 0 0 0 0
82 0 0 0 0
83 0 0 0 0
84 7 1955 7 1955
85 0 0 0 0
86 0 0 0 0
87 0 0 0 0
88 0 0 0 0
89 3 156 3 156
90 0 0 0 0
91 0 0 0 0
92 7 1880 7 1880
93 0 0 0 0
94 0 0 0 0
95 0 0 0 0
96 0 0 0 0
97 8 4255 8 4255
98 22 8955 22 8955
99 0 0 0 0
100 0 0 0 0
101 0 0 0 0
102 0 0 0 0
103 9 468 9 468
104 84 63558 84 63558
105 6 1929 6 1929
106 0 0 0 0
107 0 0 0 0
108 0 0 0 0
109 3 156 3 156
110 3 156 3 156
111 0 0 0 0
112 0 0 0 0
113 0 0 0 0
114 0 0 0 0
115 0 0 0 0
116 0 0 0 0
117 5 2186 5 2186
118 47 23996 47 23996
119 0 0 0 0
120 0 0 0 0
121 11 9365 11 9365
122 4 1707 4 1707
123 6 312 6 312
124 0 0 0 0
125 0 0 0 0
126 0 0 0 0
127 3 156 3 156
128 9 2131 9 2131
129 0 0 0 0
130 119 1362078 119 1362078
131 119 1959395 119 1959395
132 75 1183806 75 1183806
133 92 1536708 92 1536708
134 89 1569503 89 1569503
135 16 2406 16 2406
136 0 0 0 0
137 8 8718 8 8718
138 0 0 0 0
139 0 0 0 0
140 2 215 2 215
141 0 0 0 0
142 3 156 3 156
143 0 0 0 0
144 0 0 0 0
145 0 0 0 0
146 0 0 0 0
147 0 0 0 0
148 0 0 0 0
149 0 0 0 0
150 0 0 0 0
151 5 1455 5 1455
152 29 17806 29 17806
153 7 3940 7 3940
154 0 0 0 0
155 0 0 0 0
156 12 10127 12 10127
157 0 0 0 0
158 11 8874 11 8874
159 0 0 0 0
160 0 0 0 0
161 0 0 0 0
162 0 0 0 0
163 3 156 3 156
164 728 3619902 728 3619902
165 670 4073267 670 4073267
166 0 0 0 0
167 0 0 0 0
168 0 0 0 0
169 9 468 9 468
170 9 468 9 468
171 0 0 0 0
172 0 0 0 0
173 0 0 0 0
174 0 0 0 0
175 0 0 0 0
176 0 0 0 0
177 0 0 0 0
178 0 0 0 0
179 15 10300 15 10300
180 0 0 0 0
181 17 10722 17 10722
182 3 1655 3 1655
183 18 10636 18 10636
184 0 0 0 0
185 0 0 0 0
186 3 156 3 156
187 0 0 0 0
188 8 8718 8 8718
189 0 0 0 0
190 0 0 0 0
191 0 0 0 0
192 9 2131 9 2131
193 3 156 3 156
194 2 666 2 666
195 2 938 2 938
196 0 0 0 0
197 0 0 0 0
198 0 0 0 0
199 0 0 0 0
200 3 156 3 156
201 0 0 0 0
202 0 0 0 0
203 0 0 0 0
204 0 0 0 0
205 0 0 0 0
206 0 0 0 0
207 0 0 0 0
208 0 0 0 0
209 0 0 0 0
210 0 0 0 0
211 0 0 0 0
212 7 1880 7 1880
213 0 0 0 0
214 4 318 4 318
215 0 0 0 0
216 0 0 0 0
217 17 3274 17 3274
218 153 763506 153 763506
219 0 0 0 0
220 0 0 0 0
221 0 0 0 0
222 0 0 0 0
223 18 936 18 936
224 0 0 0 0
225 0 0 0 0
226 0 0 0 0
227 0 0 0 0
228 0 0 0 0
229 0 0 0 0
230 0 0 0 0
231 0 0 0 0
232 0 0 0 0
233 0 0 0 0
234 0 0 0 0
235 0 0 0 0
236 0 0 0 0
237 0 0 0 0
238 0 0 0 0
239 0 0 0 0
240 0 0 0 0
241 0 0 0 0
242 7 1880 7 1880
243 0 0 0 0
244 0 0 0 0
245 0 0 0 0
246 0 0 0 0
247 103 133044 103 133044
248 0 0 0 0
249 0 0 0 0
250 0 0 0 0
251 0 0 0 0
252 15 780 15 780
253 0 0 0 0
254 0 0 0 0
255 0 0 0 0
256 0 0 0 0
257 2 261 2 261
258 3 326 3 326
259 0 0 0 0
260 0 0 0 0
261 0 0 0 0
262 0 0 0 0
263 6 614 6 614
264 0 0 0 0
265 0 0 0 0
266 92 94325 92 94325
267 252 140750 252 140750
268 54 53734 54 53734
269 0 0 0 0
270 0 0 0 0
271 0 0 0 0
272 7 1880 7 1880
273 18 936 18 936
274 0 0 0 0
275 0 0 0 0
276 0 0 0 0
277 3 156 3 156
278 0 0 0 0
279 74 83078 74 83078
280 548 4403765 548 4403765
281 249 3208930 249 3208930
282 0 0 0 0
283 0 0 0 0
284 148 340469 148 340469
285 328 639465 328 639465
286 11 2858 11 2858
287 0 0 0 0
288 15 11065 15 11065
289 0 0 0 0
290 12 624 12 624
291 22 13155 22 13155
292 0 0 0 0
293 17 21975 17 21975
294 4 1773 4 1773
295 0 0 0 0
296 3 156 3 156
297 0 0 0 0
298 0 0 0 0
299 3 156 3 156
300 0 0 0 0
301 0 0 0 0
302 0 0 0 0
303 0 0 0 0
304 0 0 0 0
305 0 0 0 0
306 0 0 0 0
307 0 0 0 0
308 0 0 0 0
309 0 0 0 0
310 0 0 0 0
311 0 0 0 0
312 0 0 0 0
313 5 874 5 874
314 54 70511 54 70511
315 7 1880 7 1880
316 0 0 0 0
317 0 0 0 0
318 0 0 0 0
319 9 484 9 484
320 9 2115 9 2115
321 0 0 0 0
322 0 0 0 0
323 0 0 0 0
324 0 0 0 0
325 3 156 3 156
326 8 708 8 708
327 0 0 0 0
328 0 0 0 0
329 0 0 0 0
330 22 15077 22 15077
331 0 0 0 0
332 0 0 0 0
333 20 20223 20 20223
334 0 0 0 0
335 23 20379 23 20379
336 0 0 0 0
337 0 0 0 0
338 3231 115727648 3231 115727648
339 1276 58274440 1276 58274440
340 0 0 0 0
341 2 765 2 765
342 0 0 0 0
343 0 0 0 0
344 0 0 0 0
345 7 1880 7 1880
346 7 510 7 510
347 45 40364 45 40364
348 20 11067 20 11067
349 0 0 0 0
350 5 6997 5 6997
351 24 31715 24 31715
352 10 13673 10 13673
353 0 0 0 0
354 0 0 0 0
355 0 0 0 0
356 9 468 9 468
357 3 156 3 156
358 0 0 0 0
359 0 0 0 0
360 4 430 4 430
361 0 0 0 0
362 0 0 0 0
363 0 0 0 0
364 0 0 0 0
365 5 838 5 838
366 562 4024476 562 4024476
367 535 5913447 535 5913447
368 628 6792297 628 6792297
369 812 9721112 812 9721112
370 241 2236495 241 2236495
371 0 0 0 0
372 0 0 0 0
373 0 0 0 0
374 296 3157814 296 3157814
375 491 4660196 491 4660196
376 659 7568854 659 7568854
377 625 6403540 625 6403540
378 619 7027791 619 7027791
379 2 104 2 104
380 3 156 3 156
381 0 0 0 0
382 2 247 2 247
383 18 936 18 936
384 0 0 0 0
385 0 0 0 0
386 0 0 0 0
387 0 0 0 0
388 0 0 0 0
389 0 0 0 0
390 0 0 0 0
391 0 0 0 0
392 0 0 0 0
393 67 82072 67 82072
394 16 100480 16 100480
395 4 2814 4 2814
396 0 0 0 0
397 2 709 2 709
398 3 156 3 156
399 0 0 0 0
400 0 0 0 0
401 0 0 0 0
402 3 156 3 156
403 0 0 0 0
404 0 0 0 0
405 7 1880 7 1880
406 0 0 0 0
407 0 0 0 0
408 0 0 0 0
409 36 27795 36 27795
410 3 156 3 156
411 0 0 0 0
412 0 0 0 0
413 4 318 4 318
414 6 312 6 312
415 0 0 0 0
416 0 0 0 0
417 0 0 0 0
418 0 0 0 0
419 0 0 0 0
420 0 0 0 0
421 29 26271 29 26271
422 0 0 0 0
423 0 0 0 0
424 0 0 0 0
425 0 0 0 0
426 3 156 3 156
427 0 0 0 0
428 0 0 0 0
429 36 28228 36 28228
430 1 68 0 0
431 0 0 0 0
432 0 0 0 0
433 0 0 0 0
434 6 312 6 312
435 7 1880 7 1880
436 0 0 0 0
437 0 0 0 0
438 0 0 0 0
439 0 0 0 0
440 3 156 3 156
441 2 128 2 128
442 2 448 2 448
443 0 0 0 0
444 2 199 2 199
445 0 0 0 0
446 0 0 0 0
447 0 0 0 0
448 0 0 0 0
449 0 0 0 0
450 0 0 0 0
451 0 0 0 0
452 0 0 0 0
453 0 0 0 0
454 28 20898 28 20898
455 117 55660 117 55660
456 76 64939 76 64939
457 60 34291 60 34291
458 50 26800 50 26800
459 119 651108 119 651108
460 119 1358574 119 1358574
461 3 817 3 817
462 38 74786 38 74786
463 98 511957 98 511957
464 240 2697531 240 2697531
465 338 4544559 338 4544559
466 977 21677416 977 21677416
467 256 3120970 256 3120970
468 48 103330 48 103330
469 32 105321 32 105321
470 77 165029 77 165029
471 16 6675 16 6675
472 0 0 0 0
473 0 0 0 0
474 4 1604 4 1604
475 0 0 0 0
476 15 780 15 780
477 0 0 0 0
478 0 0 0 0
479 72 86972 72 86972
480 124 126030 124 126030
481 0 0 0 0
482 0 0 0 0
483 0 0 0 0
484 0 0 0 0
485 3 156 3 156
486 0 0 0 0
487 0 0 0 0
488 0 0 0 0
489 0 0 0 0
490 29 26755 29 26755
491 0 0 0 0
492 0 0 0 0
493 0 0 0 0
494 2 666 2 666
495 7 1879 7 1879
496 30 27625 30 27625
497 0 0 0 0
498 0 0 0 0
499 0 0 0 0
500 8 10284 8 10284
501 14 3305 14 3305
502 0 0 0 0
503 0 0 0 0
504 2 234 2 234
505 0 0 0 0
506 6 312 6 312
507 0 0 0 0
508 0 0 0 0
509 0 0 0 0
510 0 0 0 0
511 0 0 0 0
512 29 11711 29 11711
513 0 0 0 0
514 0 0 0 0
515 32 19073 32 19073
516 2 3364 2 3364
517 0 0 0 0
518 0 0 0 0
519 0 0 0 0
520 12 624 12 624
521 3 156 3 156
522 0 0 0 0
523 0 0 0 0
524 0 0 0 0
525 7 1880 7 1880
526 0 0 0 0
527 0 0 0 0
528 0 0 0 0
529 0 0 0 0
530 3 156 3 156
531 0 0 0 0
532 0 0 0 0
533 0 0 0 0
534 36 28532 36 28532
535 0 0 0 0
536 0 0 0 0
537 0 0 0 0
538 0 0 0 0
539 6 312 6 312
540 0 0 0 0
541 0 0 0 0
542 0 0 0 0
543 0 0 0 0
544 0 0 0 0
545 0 0 0 0
546 0 0 0 0
547 29 26755 29 26755
548 4 1670 4 1670
549 2 709 2 709
550 0 0 0 0
551 0 0 0 0
552 0 0 0 0
553 0 0 0 0
554 3 156 3 156
555 7 1880 7 1880
556 0 0 0 0
557 0 0 0 0
558 0 0 0 0
559 0 0 0 0
560 3 156 3 156
561 0 0 0 0
562 0 0 0 0
563 0 0 0 0
564 0 0 0 0
565 0 0 0 0
566 0 0 0 0
567 0 0 0 0
568 0 0 0 0
569 0 0 0 0
570 0 0 0 0
571 0 0 0 0
572 0 0 0 0
573 0 0 0 0
574 0 0 0 0
575 0 0 0 0
576 0 0 0 0
577 0 0 0 0
578 0 0 0 0
579 0 0 0 0
580 0 0 0 0
581 0 0 0 0
582 0 0 0 0
583 0 0 0 0
584 41 30391 41 30391
585 11 3686 11 3686
586 0 0 0 0
587 0 0 0 0
588 0 0 0 0
589 6 312 6 312
590 3 156 3 156
591 0 0 0 0
592 0 0 0 0
593 0 0 0 0
594 0 0 0 0
595 0 0 0 0
596 0 0 0 0
597 0 0 0 0
598 0 0 0 0
599 0 0 0 0
600 0 0 0 0
601 0 0 0 0
602 0 0 0 0
603 0 0 0 0
604 0 0 0 0
605 0 0 0 0
606 0 0 0 0
607 0 0 0 0
608 9 2113 9 2113
609 0 0 0 0
610 0 0 0 0
611 0 0 0 0
612 0 0 0 0
613 3 156 3 156
614 0 0 0 0
615 7 1880 7 1880
616 0 0 0 0
617 0 0 0 0
618 0 0 0 0
619 0 0 0 0
620 3 156 3 156
621 0 0 0 0
622 0 0 0 0
623 0 0 0 0
624 0 0 0 0
625 0 0 0 0
626 8 708 8 708
627 0 0 0 0
628 0 0 0 0
629 0 0 0 0
630 0 0 0 0
631 0 0 0 0
632 0 0 0 0
633 0 0 0 0
634 0 0 0 0
635 0 0 0 0
636 0 0 0 0
637 0 0 0 0
638 0 0 0 0
639 0 0 0 0
640 0 0 0 0
641 0 0 0 0
642 0 0 0 0
643 3 172 3 172
644 6 1912 6 1912
645 7 1880 7 1880
646 4 354 4 354
647 1 73 0 0
648 0 0 0 0
649 3 156 3 156
650 3 156 3 156
651 0 0 0 0
652 0 0 0 0
653 0 0 0 0
654 0 0 0 0
655 0 0 0 0
656 0 0 0 0
657 0 0 0 0
658 0 0 0 0
659 0 0 0 0
660 0 0 0 0
661 0 0 0 0
662 0 0 0 0
663 0 0 0 0
664 0 0 0 0
665 4 318 4 318
666 0 0 0 0
667 0 0 0 0
668 0 0 0 0
669 0 0 0 0
670 0 0 0 0
671 0 0 0 0
672 9 2113 9 2113
673 1 632 1 632
674 5 1279 5 1279
675 7 1880 7 1880
676 0 0 0 0
677 0 0 0 0
678 0 0 0 0
679 3 156 3 156
680 3 156 3 156
681 0 0 0 0
682 0 0 0 0
683 34 28922 34 28922
684 0 0 0 0
685 0 0 0 0
686 0 0 0 0
687 0 0 0 0
688 0 0 0 0
689 2 567 2 567
690 0 0 0 0
691 0 0 0 0
692 0 0 0 0
693 0 0 0 0
694 21 12773 21 12773
695 0 0 0 0
696 0 0 0 0
697 0 0 0 0
698 0 0 0 0
699 6 312 6 312
700 0 0 0 0
701 0 0 0 0
702 0 0 0 0
703 5 856 5 856
704 4 1257 4 1257
705 7 1880 7 1880
706 0 0 0 0
707 0 0 0 0
708 0 0 0 0
709 3 156 3 156
710 3 156 3 156
711 0 0 0 0
712 0 0 0 0
713 7 1777 7 1777
714 0 0 0 0
715 0 0 0 0
716 0 0 0 0
717 0 0 0 0
718 3 156 3 156
719 0 0 0 0
720 0 0 0 0
721 0 0 0 0
722 0 0 0 0
723 0 0 0 0
724 0 0 0 0
725 0 0 0 0
726 0 0 0 0
727 0 0 0 0
728 0 0 0 0
729 0 0 0 0
730 4 430 4 430
731 0 0 0 0
732 0 0 0 0
733 0 0 0 0
734 0 0 0 0
735 7 1880 7 1880
736 0 0 0 0
737 0 0 0 0
738 0 0 0 0
739 0 0 0 0
740 5 371 5 371
741 0 0 0 0
742 0 0 0 0
743 0 0 0 0
744 0 0 0 0
745 0 0 0 0
746 0 0 0 0
747 0 0 0 0
748 0 0 0 0
749 0 0 0 0
750 0 0 0 0
751 0 0 0 0
752 0 0 0 0
753 0 0 0 0
754 0 0 0 0
755 0 0 0 0
756 12 1054 12 1054
757 14 1423 14 1423
758 6 474 6 474
759 2 470 2 470
760 0 0 0 0
761 0 0 0 0
762 2 142 2 142
763 2 186 2 186
764 0 0 0 0
765 5 941 5 941
766 2 939 2 939
767 0 0 0 0
768 0 0 0 0
769 0 0 0 0
770 0 0 0 0
771 3 156 3 156
772 0 0 0 0
773 0 0 0 0
774 0 0 0 0
775 0 0 0 0
776 0 0 0 0
777 0 0 0 0
778 0 0 0 0
779 0 0 0 0
780 0 0 0 0
781 0 0 0 0
782 0 0 0 0
783 0 0 0 0
784 0 0 0 0
785 0 0 0 0
786 0 0 0 0
787 0 0 0 0
788 0 0 0 0
789 0 0 0 0
790 0 0 0 0
791 0 0 0 0
792 0 0 0 0
793 0 0 0 0
794 3 172 3 172
795 11 3485 11 3485
796 0 0 0 0
797 0 0 0 0
798 0 0 0 0
799 0 0 0 0
800 10 630 10 630
801 0 0 0 0
802 0 0 0 0
803 0 0 0 0
804 0 0 0 0
805 0 0 0 0
806 0 0 0 0
807 0 0 0 0
808 0 0 0 0
809 0 0 0 0
810 0 0 0 0
811 0 0 0 0
812 0 0 0 0
813 0 0 0 0
814 0 0 0 0
815 0 0 0 0
816 0 0 0 0
817 0 0 0 0
818 0 0 0 0
819 0 0 0 0
820 0 0 0 0
821 0 0 0 0
822 0 0 0 0
823 0 0 0 0
824 0 0 0 0
825 7 1880 7 1880
826 0 0 0 0
827 0 0 0 0
828 0 0 0 0
829 0 0 0 0
830 3 156 3 156
831 0 0 0 0
832 0 0 0 0
833 0 0 0 0
834 0 0 0 0
835 0 0 0 0
836 0 0 0 0
837 0 0 0 0
838 0 0 0 0
839 0 0 0 0
840 0 0 0 0
841 0 0 0 0
842 0 0 0 0
843 0 0 0 0
844 0 0 0 0
845 0 0 0 0
846 0 0 0 0
847 0 0 0 0
848 0 0 0 0
849 0 0 0 0
850 0 0 0 0
851 0 0 0 0
852 0 0 0 0
853 0 0 0 0
854 0 0 0 0
855 7 1880 7 1880
856 0 0 0 0
857 0 0 0 0
858 0 0 0 0
859 0 0 0 0
860 3 156 3 156
861 0 0 0 0
862 0 0 0 0
863 0 0 0 0
864 0 0 0 0
865 0 0 0 0
866 0 0 0 0
867 0 0 0 0
868 0 0 0 0
869 0 0 0 0
870 0 0 0 0
871 0 0 0 0
872 0 0 0 0
873 0 0 0 0
874 0 0 0 0
875 0 0 0 0
876 0 0 0 0
877 0 0 0 0
878 0 0 0 0
879 0 0 0 0
880 0 0 0 0
881 0 0 0 0
882 0 0 0 0
883 0 0 0 0
884 0 0 0 0
885 5 941 5 941
886 14 3549 14 3549
887 11 2079 11 2079
888 0 0 0 0
889 0 0 0 0
890 0 0 0 0
891 9 10858 9 10858
892 0 0 0 0
893 0 0 0 0
894 0 0 0 0
895 0 0 0 0
896 9 468 9 468
897 0 0 0 0
898 0 0 0 0
899 0 0 0 0
900 0 0 0 0
901 0 0 0 0
902 0 0 0 0
903 0 0 0 0
904 0 0 0 0
905 0 0 0 0
906 0 0 0 0
907 0 0 0 0
908 0 0 0 0
909 0 0 0 0
910 0 0 0 0
911 0 0 0 0
912 0 0 0 0
913 0 0 0 0
914 0 0 0 0
915 7 1880 7 1880
916 0 0 0 0
917 0 0 0 0
918 0 0 0 0
919 0 0 0 0
920 3 156 3 156
921 0 0 0 0
922 0 0 0 0
923 0 0 0 0
924 0 0 0 0
925 0 0 0 0
926 8 708 8 708
927 0 0 0 0
928 0 0 0 0
929 0 0 0 0
930 0 0 0 0
931 0 0 0 0
932 0 0 0 0
933 0 0 0 0
934 0 0 0 0
935 0 0 0 0
936 0 0 0 0
937 0 0 0 0
938 0 0 0 0
939 0 0 0 0
940 6 486 6 486
941 0 0 0 0
942 0 0 0 0
943 0 0 0 0
944 0 0 0 0
945 5 941 5 941
946 6 1293 6 1293
947 0 0 0 0
948 0 0 0 0
949 0 0 0 0
950 0 0 0 0
951 3 156 3 156
952 0 0 0 0
953 0 0 0 0
954 6 486 6 486
955 0 0 0 0
956 0 0 0 0
957 0 0 0 0
958 0 0 0 0
959 0 0 0 0
960 0 0 0 0
961 0 0 0 0
962 4 318 4 318
963 0 0 0 0
964 0 0 0 0
965 0 0 0 0
966 0 0 0 0
967 0 0 0 0
968 0 0 0 0
969 0 0 0 0
970 0 0 0 0
971 0 0 0 0
972 0 0 0 0
973 0 0 0 0
974 0 0 0 0
975 7 1880 7 1880
976 0 0 0 0
977 0 0 0 0
978 0 0 0 0
979 0 0 0 0
980 3 156 3 156
981 0 0 0 0
982 0 0 0 0
983 0 0 0 0
984 0 0 0 0
985 0 0 0 0
986 0 0 0 0
987 0 0 0 0
988 0 0 0 0
989 0 0 0 0
990 0 0 0 0
991 0 0 0 0
992 0 0 0 0
993 0 0 0 0
994 0 0 0 0
995 0 0 0 0
996 0 0 0 0
997 0 0 0 0
998 0 0 0 0
999 0 0 0 0
1000 0 0 0 0
1001 0 0 0 0
1002 0 0 0 0
1003 0 0 0 0
1004 0 0 0 0
1005 7 1880 7 1880
1006 0 0 0 0
1007 0 0 0 0
1008 0 0 0 0
1009 0 0 0 0
1010 3 156 3 156
1011 0 0 0 0
1012 0 0 0 0
1013 0 0 0 0
1014 0 0 0 0
1015 0 0 0 0
1016 0 0 0 0
1017 0 0 0 0
1018 0 0 0 0
1019 0 0 0 0
1020 0 0 0 0
1021 0 0 0 0
1022 0 0 0 0
1023 0 0 0 0
1024 0 0 0 0
1025 0 0 0 0
1026 0 0 0 0
1027 0 0 0 0
1028 0 0 0 0
1029 0 0 0 0
1030 0 0 0 0
1031 0 0 0 0
1032 0 0 0 0
1033 0 0 0 0
1034 0 0 0 0
1035 7 1880 7 1880
1036 0 0 0 0
1037 0 0 0 0
1038 0 0 0 0
1039 0 0 0 0
1040 3 156 3 156
1041 0 0 0 0
1042 0 0 0 0
1043 0 0 0 0
1044 0 0 0 0
1045 0 0 0 0
1046 0 0 0 0
1047 0 0 0 0
1048 0 0 0 0
1049 0 0 0 0
1050 0 0 0 0
1051 0 0 0 0
1052 9 2435 9 2435
1053 2 5579 2 5579
1054 395 934438 395 934438
1055 40 25093 40 25093
1056 33 18746 33 18746
1057 0 0 0 0
1058 0 0 0 0
1059 0 0 0 0
1060 6 312 6 312
1061 9 468 9 468
1062 0 0 0 0
1063 0 0 0 0
1064 0 0 0 0
1065 0 0 0 0
1066 0 0 0 0
1067 0 0 0 0
1068 0 0 0 0
1069 0 0 0 0
1070 0 0 0 0
1071 0 0 0 0
1072 0 0 0 0
1073 0 0 0 0
1074 0 0 0 0
1075 0 0 0 0
1076 0 0 0 0
1077 0 0 0 0
1078 0 0 0 0
1079 0 0 0 0
1080 0 0 0 0
1081 0 0 0 0
1082 0 0 0 0
1083 0 0 0 0
1084 0 0 0 0
1085 0 0 0 0
1086 7 1880 7 1880
1087 12 2610 12 2610
1088 2 5440 2 5440
1089 0 0 0 0
1090 0 0 0 0
1091 11 1222 11 1222
1092 11 1222 11 1222
1093 3 156 3 156
1094 0 0 0 0
1095 0 0 0 0
1096 0 0 0 0
1097 0 0 0 0
1098 0 0 0 0
1099 0 0 0 0
1100 4 408 4 408
1101 0 0 0 0
1102 0 0 0 0
1103 0 0 0 0
1104 2 234 2 234
1105 0 0 0 0
1106 0 0 0 0
1107 0 0 0 0
1108 0 0 0 0
1109 0 0 0 0
1110 0 0 0 0
1111 0 0 0 0
1112 0 0 0 0
1113 0 0 0 0
1114 0 0 0 0
1115 0 0 0 0
1116 7 1880 7 1880
1117 0 0 0 0
1118 0 0 0 0
1119 0 0 0 0
1120 0 0 0 0
1121 3 156 3 156
1122 0 0 0 0
1123 43 18466 43 18466
1124 0 0 0 0
1125 2 2390 2 2390
1126 0 0 0 0
1127 0 0 0 0
1128 20 1872 20 1872
1129 6 2340 6 2340
1130 0 0 0 0
1131 0 0 0 0
1132 0 0 0 0
1133 0 0 0 0
1134 3 156 3 156
1135 0 0 0 0
1136 0 0 0 0
1137 0 0 0 0
1138 0 0 0 0
1139 0 0 0 0
1140 0 0 0 0
1141 0 0 0 0
1142 0 0 0 0
1143 0 0 0 0
1144 0 0 0 0
1145 0 0 0 0
1146 7 1880 7 1880
1147 0 0 0 0
1148 0 0 0 0
1149 0 0 0 0
1150 0 0 0 0
1151 3 156 3 156
1152 0 0 0 0
1153 0 0 0 0
1154 0 0 0 0
1155 0 0 0 0
1156 0 0 0 0
1157 0 0 0 0
1158 0 0 0 0
1159 0 0 0 0
1160 0 0 0 0
1161 4 312 4 312
1162 14 7933 14 7933
1163 12 1116 12 1116
1164 14 2841 14 2841
1165 0 0 0 0
1166 0 0 0 0
1167 3 156 3 156
1168 0 0 0 0
1169 3 156 3 156
1170 0 0 0 0
1171 0 0 0 0
1172 0 0 0 0
1173 0 0 0 0
1174 0 0 0 0
1175 0 0 0 0
1176 7 1880 7 1880
1177 0 0 0 0
1178 9 4442 9 4442
1179 0 0 0 0
1180 0 0 0 0
1181 3 156 3 156
1182 0 0 0 0
1183 3 156 3 156
1184 0 0 0 0
1185 0 0 0 0
1186 0 0 0 0
1187 0 0 0 0
1188 0 0 0 0
1189 0 0 0 0
1190 0 0 0 0
1191 0 0 0 0
1192 0 0 0 0
1193 7 8675 7 8675
1194 8 3769 8 3769
1195 0 0 0 0
1196 0 0 0 0
1197 0 0 0 0
1198 0 0 0 0
1199 9 791 9 791
1200 2 191 2 191
1201 0 0 0 0
1202 0 0 0 0
1203 0 0 0 0
1204 0 0 0 0
1205 0 0 0 0
1206 7 1880 7 1880
1207 44 29123 44 29123
1208 2068 87899719 2068 87899719
1209 68 260991 68 260991
1210 506 1369564 506 1369564
1211 168 88436 168 88436
1212 125 773110 125 773110
1213 139 1324913 139 1324913
1214 60 56688 60 56688
1215 58 289478 58 289478
1216 131 749576 131 749576
1217 106 687478 106 687478
1218 128 945509 128 945509
1219 108 640894 108 640894
1220 162 1057237 162 1057237
1221 285 2378958 285 2378958
1222 280 2763391 280 2763391
1223 110 746967 110 746967
1224 109 787778 109 787778
1225 152 730375 152 730375
1226 307 4120537 307 4120537
1227 88 253406 88 253406
1228 235 1995642 235 1995642
1229 212 2249207 212 2249207
1230 204 1278057 204 1278057
1231 148 721653 148 721653
1232 316 4050661 316 4050661
1233 185 918285 185 918285
1234 221 1910957 221 1910957
1235 138 863605 138 863605
1236 131 887848 131 887848
1237 86 542933 86 542933
1238 104 773683 104 773683
1239 4 1530 4 1530
1240 0 0 0 0
1241 51 297233 51 297233
1242 104 654137 104 654137
1243 112 748063 112 748063
1244 96 661435 96 661435
1245 28 210130 28 210130
1246 11 2039 11 2039
1247 6 4896 6 4896
1248 3 156 3 156
1249 0 0 0 0
1250 0 0 0 0
1251 3 156 3 156
1252 3 156 3 156
1253 0 0 0 0
1254 7 1777 7 1777
1255 0 0 0 0
1256 0 0 0 0
1257 0 0 0 0
1258 120 157500 120 157500
1259 71 168270 71 168270
1260 0 0 0 0
1261 0 0 0 0
1262 0 0 0 0
1263 0 0 0 0
1264 3 156 3 156
1265 0 0 0 0
1266 0 0 0 0
1267 0 0 0 0
1268 0 0 0 0
1269 0 0 0 0
1270 0 0 0 0
1271 16 5841 16 5841
1272 4 935 4 935
1273 8 3755 8 3755
1274 0 0 0 0
1275 0 0 0 0
1276 3 156 3 156
1277 0 0 0 0
1278 6 4265 6 4265
1279 0 0 0 0
1280 0 0 0 0
1281 0 0 0 0
1282 0 0 0 0
1283 3 156 3 156
1284 0 0 0 0
1285 0 0 0 0
1286 0 0 0 0
1287 0 0 0 0
1288 0 0 0 0
1289 0 0 0 0
1290 0 0 0 0
1291 0 0 0 0
1292 0 0 0 0
1293 0 0 0 0
1294 0 0 0 0
1295 0 0 0 0
1296 0 0 0 0
1297 0 0 0 0
1298 0 0 0 0
1299 0 0 0 0
1300 7 1777 7 1777
1301 7 1880 7 1880
1302 4 935 4 935
1303 2 1074 2 1074
1304 0 0 0 0
1305 0 0 0 0
1306 3 156 3 156
1307 0 0 0 0
1308 3 156 3 156
1309 1 146 0 0
1310 0 0 0 0
1311 29 25556 29 25556
1312 0 0 0 0
1313 0 0 0 0
1314 0 0 0 0
1315 0 0 0 0
1316 3 156 3 156
1317 0 0 0 0
1318 0 0 0 0
1319 0 0 0 0
1320 0 0 0 0
1321 0 0 0 0
1322 0 0 0 0
1323 0 0 0 0
1324 0 0 0 0
1325 0 0 0 0
1326 0 0 0 0
1327 0 0 0 0
1328 0 0 0 0
1329 0 0 0 0
1330 0 0 0 0
1331 7 1880 7 1880
1332 5 856 5 856
1333 4 1326 4 1326
1334 0 0 0 0
1335 0 0 0 0
1336 3 156 3 156
1337 0 0 0 0
1338 3 156 3 156
1339 0 0 0 0
1340 2 215 2 215
1341 0 0 0 0
1342 0 0 0 0
1343 0 0 0 0
1344 0 0 0 0
1345 0 0 0 0
1346 0 0 0 0
1347 0 0 0 0
1348 0 0 0 0
1349 0 0 0 0
1350 0 0 0 0
1351 0 0 0 0
1352 0 0 0 0
1353 0 0 0 0
1354 0 0 0 0
1355 0 0 0 0
1356 0 0 0 0
1357 0 0 0 0
1358 0 0 0 0
1359 0 0 0 0
1360 0 0 0 0
1361 7 1880 7 1880
1362 3 172 3 172
1363 6 2010 6 2010
1364 0 0 0 0
1365 0 0 0 0
1366 3 156 3 156
1367 0 0 0 0
1368 3 156 3 156
1369 0 0 0 0
1370 0 0 0 0
1371 0 0 0 0
1372 0 0 0 0
1373 6 466 6 466
1374 6 870 6 870
1375 0 0 0 0
1376 0 0 0 0
1377 0 0 0 0
1378 0 0 0 0
1379 0 0 0 0
1380 0 0 0 0
1381 0 0 0 0
1382 0 0 0 0
1383 25 12708 25 12708
1384 0 0 0 0
1385 12 12267 12 12267
1386 0 0 0 0
1387 0 0 0 0
1388 6 312 6 312
1389 0 0 0 0
1390 3 156 3 156
1391 7 1880 7 1880
1392 7 1107 7 1107
1393 2 1075 2 1075
1394 2 666 2 666
1395 8 4437 8 4437
1396 3 156 3 156
1397 0 0 0 0
1398 0 0 0 0
1399 0 0 0 0
1400 3 156 3 156
1401 0 0 0 0
1402 0 0 0 0
1403 0 0 0 0
1404 9 3544 9 3544
1405 0 0 0 0
1406 0 0 0 0
1407 6 3529 6 3529
1408 0 0 0 0
1409 0 0 0 0
1410 0 0 0 0
1411 0 0 0 0
1412 3 156 3 156
1413 0 0 0 0
1414 4 420 4 420
1415 0 0 0 0
1416 0 0 0 0
1417 0 0 0 0
1418 0 0 0 0
1419 0 0 0 0
1420 0 0 0 0
1421 7 1880 7 1880
1422 4 804 4 804
1423 5 1378 5 1378
1424 0 0 0 0
1425 0 0 0 0
1426 3 156 3 156
1427 0 0 0 0
1428 3 156 3 156
1429 9 5070 9 5070
1430 0 0 0 0
1431 0 0 0 0
1432 0 0 0 0
1433 0 0 0 0
1434 3 156 3 156
1435 0 0 0 0
1436 0 0 0 0
1437 0 0 0 0
1438 0 0 0 0
1439 0 0 0 0
1440 0 0 0 0
1441 0 0 0 0
1442 0 0 0 0
1443 0 0 0 0
1444 0 0 0 0
1445 0 0 0 0
1446 4 318 4 318
1447 0 0 0 0
1448 0 0 0 0
1449 0 0 0 0
1450 0 0 0 0
1451 7 1880 7 1880
1452 0 0 0 0
1453 0 0 0 0
1454 0 0 0 0
1455 0 0 0 0
1456 3 156 3 156
1457 0 0 0 0
1458 0 0 0 0
1459 0 0 0 0
1460 9 2182 9 2182
1461 0 0 0 0
1462 0 0 0 0
1463 0 0 0 0
1464 0 0 0 0
1465 3 156 3 156
1466 0 0 0 0
1467 0 0 0 0
1468 14 6774 14 6774
1469 0 0 0 0
1470 0 0 0 0
1471 0 0 0 0
1472 0 0 0 0
1473 6 312 6 312
1474 0 0 0 0
1475 0 0 0 0
1476 0 0 0 0
1477 0 0 0 0
1478 0 0 0 0
1479 0 0 0 0
1480 0 0 0 0
1481 7 1880 7 1880
1482 0 0 0 0
1483 0 0 0 0
1484 0 0 0 0
1485 0 0 0 0
1486 3 156 3 156
1487 0 0 0 0
1488 0 0 0 0
1489 0 0 0 0
1490 0 0 0 0
1491 0 0 0 0
1492 0 0 0 0
1493 0 0 0 0
1494 0 0 0 0
1495 0 0 0 0
1496 0 0 0 0
1497 0 0 0 0
1498 0 0 0 0
1499 0 0 0 0
1500 0 0 0 0
1501 0 0 0 0
1502 0 0 0 0
1503 5 943 5 943
1504 6 2350 6 2350
1505 0 0 0 0
1506 0 0 0 0
1507 0 0 0 0
1508 0 0 0 0
1509 3 156 3 156
1510 0 0 0 0
1511 11 3662 11 3662
1512 0 0 0 0
1513 0 0 0 0
1514 0 0 0 0
1515 0 0 0 0
1516 3 156 3 156
1517 0 0 0 0
1518 0 0 0 0
1519 0 0 0 0
1520 0 0 0 0
1521 0 0 0 0
1522 0 0 0 0
1523 0 0 0 0
1524 0 0 0 0
1525 0 0 0 0
1526 8 708 8 708
1527 0 0 0 0
1528 0 0 0 0
1529 0 0 0 0
1530 0 0 0 0
1531 0 0 0 0
1532 0 0 0 0
1533 0 0 0 0
1534 0 0 0 0
1535 0 0 0 0
1536 0 0 0 0
1537 0 0 0 0
1538 0 0 0 0
1539 0 0 0 0
1540 0 0 0 0
1541 7 1880 7 1880
1542 12 2610 12 2610
1543 2 4290 2 4290
1544 0 0 0 0
1545 0 0 0 0
1546 7 510 7 510
1547 3 156 3 156
1548 278 10016683 278 10016683
1549 0 0 0 0
1550 0 0 0 0
1551 0 0 0 0
1552 2299 100120680 2299 100120680
1553 0 0 0 0
1554 0 0 0 0
1555 598 8502205 598 8502205
1556 3571 91715716 3571 91715716
1557 0 0 0 0
1558 0 0 0 0
1559 2439 100127409 2439 100127409
1560 2 656 2 656
1561 0 0 0 0
1562 0 0 0 0
1563 0 0 0 0
1564 0 0 0 0
1565 3 156 3 156
1566 2263 100249816 2263 100249816
1567 0 0 0 0
1568 0 0 0 0
1569 0 0 0 0
1570 0 0 0 0
1571 10 2036 10 2036
1572 2282 100119814 2282 100119814
1573 0 0 0 0
1574 0 0 0 0
1575 0 0 0 0
1576 2244 100117821 2244 100117821
1577 0 0 0 0
1578 0 0 0 0
1579 0 0 0 0
1580 0 0 0 0
1581 2295 100119921 2295 100119921
1582 2 656 2 656
1583 0 0 0 0
1584 0 0 0 0
1585 0 0 0 0
1586 0 0 0 0
1587 2415 100126177 2415 100126177
1588 5 813 5 813
1589 0 0 0 0
1590 0 0 0 0
1591 2363 100124057 2363 100124057
1592 0 0 0 0
1593 0 0 0 0
1594 1141 43147879 1141 43147879
1595 1242 56977170 1242 56977170
1596 0 0 0 0
1597 0 0 0 0
1598 0 0 0 0
1599 2371 100124426 2371 100124426
1600 0 0 0 0
1601 7 1880 7 1880
1602 2 686 2 686
1603 3158 100164768 3158 100164768
1604 0 0 0 0
1605 0 0 0 0
1606 3 156 3 156
1607 1928 79008358 1928 79008358
1608 475 21184640 475 21184640
1609 0 0 0 0
1610 0 0 0 0
1611 0 0 0 0
1612 3 156 3 156
1613 2301 100120354 2301 100120354
1614 2 656 2 656
1615 0 0 0 0
1616 2 168 2 168
1617 2 252 2 252
1618 0 0 0 0
1619 2965 100155314 2965 100155314
1620 5 1446 5 1446
1621 0 0 0 0
1622 8 10138 8 10138
1623 0 0 0 0
1624 28 4569 28 4569
1625 2386 100321815 2386 100321815
1626 4 1627 4 1627
1627 0 0 0 0
1628 0 0 0 0
1629 2 2391 2 2391
1630 1106 40592647 1106 40592647
1631 1325 59536398 1325 59536398
1632 0 0 0 0
1633 0 0 0 0
1634 3 156 3 156
1635 0 0 0 0
1636 226 3517980 226 3517980
1637 2104 96754487 2104 96754487
1638 2 656 2 656
1639 0 0 0 0
1640 0 0 0 0
1641 0 0 0 0
1642 0 0 0 0
1643 177 6282843 177 6282843
1644 5 48516 5 48516
1645 2 104 2 104
1646 0 0 0 0
1647 1008 45187442 1008 45187442
1648 1078 48862266 1078 48862266
1649 0 0 0 0
1650 0 0 0 0
1651 0 0 0 0
1652 0 0 0 0
1653 2255 100117858 2255 100117858
1654 2 657 2 657
1655 0 0 0 0
1656 0 0 0 0
1657 0 0 0 0
1658 4 318 4 318
1659 1495 66971039 1495 66971039
1660 744 33539510 744 33539510
1661 7 1880 7 1880
1662 0 0 0 0
1663 0 0 0 0
1664 0 0 0 0
1665 3 156 3 156
1666 1744 74843643 1744 74843643
1667 566 25539608 566 25539608
1668 0 0 0 0
1669 0 0 0 0
1670 0 0 0 0
1671 0 0 0 0
1672 2603 100135954 2603 100135954
1673 2 657 2 657
1674 0 0 0 0
1675 0 0 0 0
1676 0 0 0 0
1677 0 0 0 0
1678 2320 100121791 2320 100121791
1679 0 0 0 0
1680 0 0 0 0
1681 0 0 0 0
1682 0 0 0 0
1683 818 34591628 818 34591628
1684 1445 65526630 1445 65526630
1685 2 656 2 656
1686 0 0 0 0
1687 0 0 0 0
1688 0 0 0 0
1689 0 0 0 0
1690 2766 100275420 2766 100275420
1691 9 2537 9 2537
1692 0 0 0 0
1693 0 0 0 0
1694 0 0 0 0
1695 0 0 0 0
1696 2354 100124403 2354 100124403
1697 2 656 2 656
1698 0 0 0 0
1699 0 0 0 0
1700 0 0 0 0
1701 3 156 3 156
1702 3 156 3 156
1703 2443 100193351 2443 100193351
1704 2 657 2 657
1705 0 0 0 0
1706 0 0 0 0
1707 0 0 0 0
1708 0 0 0 0
1709 106 3035083 106 3035083
1710 2122 97147419 2122 97147419
1711 0 0 0 0
1712 0 0 0 0
1713 0 0 0 0
1714 0 0 0 0
1715 3 156 3 156
1716 2305 100251448 2305 100251448
1717 2 657 2 657
1718 0 0 0 0
1719 0 0 0 0
1720 2 234 2 234
1721 5 941 5 941
1722 2461 100459095 2461 100459095
1723 2 656 2 656
1724 0 0 0 0
1725 0 0 0 0
1726 0 0 0 0
1727 3 156 3 156
1728 1228 54940415 1228 54940415
1729 1064 45834317 1064 45834317
1730 0 0 0 0
1731 2 657 2 657
1732 0 0 0 0
1733 0 0 0 0
1734 0 0 0 0
1735 0 0 0 0
1736 2258 100379994 2258 100379994
1737 0 0 0 0
1738 2 657 2 657
1739 0 0 0 0
1740 0 0 0 0
1741 0 0 0 0
1742 624 18775425 624 18775425
1743 1753 81545246 1753 81545246
1744 2 656 2 656
1745 0 0 0 0
1746 0 0 0 0
1747 0 0 0 0
1748 333 5030872 333 5030872
1749 2218 95757312 2218 95757312
1750 0 0 0 0
1751 9 2536 9 2536
1752 0 0 0 0
1753 0 0 0 0
1754 0 0 0 0
1755 0 0 0 0
1756 2313 100382854 2313 100382854
1757 2 104 2 104
1758 2 657 2 657
1759 0 0 0 0
1760 0 0 0 0
1761 0 0 0 0
1762 0 0 0 0
1763 2460 100652462 2460 100652462
1764 1 52 1 52
1765 4 420 4 420
1766 2 656 2 656
1767 0 0 0 0
1768 0 0 0 0
1769 0 0 0 0
1770 0 0 0 0
1771 494 21505510 494 21505510
1772 1723 78675867 1723 78675867
1773 0 0 0 0
1774 4 902 4 902
1775 0 0 0 0
1776 0 0 0 0
1777 0 0 0 0
1778 0 0 0 0
1779 567 24258838 567 24258838
1780 1669 75858585 1669 75858585
1781 5 941 5 941
1782 2 939 2 939
1783 0 0 0 0
1784 0 0 0 0
1785 146 4382241 146 4382241
1786 2257 96005846 2257 96005846
1787 3 156 3 156
1788 0 0 0 0
1789 0 0 0 0
1790 0 0 0 0
1791 3 156 3 156
1792 2259 100118066 2259 100118066
1793 3 709 3 709
1794 0 0 0 0
1795 0 0 0 0
1796 0 0 0 0
1797 0 0 0 0
1798 2586 100135070 2586 100135070
1799 1 52 1 52
1800 2 657 2 657
1801 0 0 0 0
1802 0 0 0 0
1803 4 318 4 318
1804 4 430 4 430
1805 358 14124631 358 14124631
1806 1902 86189972 1902 86189972
1807 0 0 0 0
1808 2 657 2 657
1809 0 0 0 0
1810 0 0 0 0
1811 7 1880 7 1880
1812 0 0 0 0
1813 2685 100140202 2685 100140202
1814 2 656 2 656
1815 0 0 0 0
1816 3 156 3 156
1817 0 0 0 0
1818 0 0 0 0
1819 2546 100132974 2546 100132974
1820 0 0 0 0
1821 2 656 2 656
1822 0 0 0 0
1823 0 0 0 0
1824 0 0 0 0
1825 2786 100276444 2786 100276444
1826 8 708 8 708
