0 12 1196 0 0
1 0 0 0 0
2 4 612 0 0
3 0 0 0 0
4 4 288 0 0
5 12 3694 8 448
6 1436 14243684 1172 122082
7 1288 17511438 764 103376
8 1118 16408900 654 104386
9 510 8894002 306 54394
10 0 0 0 0
11 0 0 0 0
12 0 0 0 0
13 8 1766 6 1998
14 16 1404 24 1248
15 4 780 0 0
16 4 780 0 0
17 4 780 0 0
18 4 208 2 104
19 10 4306 8 8720
20 42 7500 36 57452
21 34 18244 32 29328
22 2 104 2 1892
23 16 8170 16 13268
24 36 10910 36 65684
25 2 104 4 208
26 8 4162 8 9142
27 0 0 0 0
28 0 0 0 0
29 2 104 4 208
30 0 0 0 0
31 4 208 8 416
32 12 4326 10 4478
33 2 2464 2 104
34 18 4224 12 6994
35 0 0 0 0
36 0 0 0 0
37 0 0 0 0
38 0 0 0 0
39 4 208 8 416
40 0 0 0 0
41 0 0 0 0
42 0 0 0 0
43 8 1766 6 1998
44 0 0 0 0
45 0 0 0 0
46 0 0 0 0
47 132 129928 134 37848
48 140 76308 200 65600
49 120 89040 236 78512
50 94 70996 192 62090
51 30 12792 38 15660
52 36 89782 40 7368
53 16 12656 14 4694
54 8 10410 16 6120
55 8 11164 16 6120
56 22 15442 32 5630
57 12 26330 18 6224
58 204 6683468 170 22060
59 28 221198 48 17062
60 20 36550 40 15300
61 26 59282 36 13758
62 30 59318 40 12596
63 58 748394 62 16444
64 24 45764 40 15300
65 20 62226 36 13770
66 128 122656 150 327282
67 160 100426 186 240880
68 300 204498 346 1005922
69 214 164936 294 533160
70 810 75804 854 6668514
71 26 41522 44 16818
72 40 20748 44 14672
73 210 1156648 220 204320
74 132 68356 154 233734
75 24 31568 48 18360
76 42 33184 62 39306
77 20 28040 40 15300
78 24 44238 48 17038
79 32 38092 66 19296
80 22 34028 42 15404
81 24 33590 48 17038
82 30 34340 50 17070
83 28 30836 50 19786
84 344 5003568 306 69454
85 208 337394 282 86646
86 32 19446 34 14988
87 18 33024 34 12344
88 18 28002 38 15196
89 20 25884 38 13874
90 28 42488 56 16132
91 24 88952 48 15716
92 22 66368 44 16816
93 38 106590 54 17292
94 22 101964 36 13770
95 20 49906 40 15300
96 18 47996 36 13770
97 18 61866 38 15196
98 20 48100 40 15300
99 18 37830 34 12344
100 28 89306 46 16958
101 158 57186 152 218146
102 146 55064 128 308150
103 254 85728 264 489080
104 424 3141530 358 219296
105 1070 16376890 846 98530
106 846 14104680 622 100006
107 1130 19054452 650 93474
108 148 1558628 166 27136
109 292 2829052 152 19822
110 6 1714 6 2138
111 0 0 0 0
112 0 0 0 0
113 0 0 0 0
114 40 9670 50 30158
115 50 12118 52 266994
116 0 0 0 0
117 0 0 0 0
118 0 0 0 0
119 0 0 0 0
120 6 396 4 208
121 0 0 0 0
122 4 612 0 0
123 0 0 0 0
124 4 288 0 0
125 0 0 0 0
126 0 0 0 0
127 0 0 0 0
128 0 0 0 0
129 0 0 0 0
130 0 0 0 0
131 0 0 0 0
132 0 0 0 0
133 8 1766 6 1998
134 28 23326 20 11756
135 4 780 0 0
136 10 2512 6 2180
137 4 780 0 0
138 4 208 2 104
139 50 80052 54 46876
140 2 104 0 0
141 0 0 0 0
142 0 0 0 0
143 30 11124 30 44420
144 0 0 0 0
145 30 11124 30 44420
146 0 0 0 0
147 68 160438 40 46150
148 0 0 0 0
149 0 0 0 0
150 0 0 0 0
151 0 0 0 0
152 2 104 4 208
153 0 0 0 0
154 4 288 0 0
155 0 0 0 0
156 0 0 0 0
157 0 0 0 0
158 0 0 0 0
159 0 0 0 0
160 0 0 0 0
161 0 0 0 0
162 12 4322 10 4476
163 4 1542 4 1876
164 16 6394 14 7094
165 0 0 0 0
166 0 0 0 0
167 0 0 0 0
168 0 0 0 0
169 4 208 8 416
170 0 0 0 0
171 0 0 0 0
172 0 0 0 0
173 0 0 0 0
174 0 0 0 0
175 0 0 0 0
176 0 0 0 0
177 26 7974 20 4274
178 248 806994 196 50028
179 116 85144 230 75992
180 1484 29014726 972 81674
181 686 7937744 324 22184
182 260 3066496 40 7368
183 6 11370 12 4590
184 12 25378 18 6224
185 140 2202464 66 7398
186 98 693258 88 36686
187 5334 2495100 5480 44391238
188 32 46862 44 17336
189 122 1199988 104 70838
190 482 2881846 422 1634802
191 24 261302 36 13770
192 236 4307774 140 73586
193 60 37720 66 40440
194 20 27740 40 15300
195 228 3055568 186 21570
196 62 1476056 40 11334
197 52 1038430 72 18286
198 76 1846046 80 17380
199 810 26158378 516 36990
200 78 1574688 50 12442
201 14 16762 28 10710
202 26 467838 38 9908
203 14 26834 28 10710
204 16 19976 32 10916
205 38 187364 58 17488
206 48 517590 66 17998
207 48 678230 62 17790
208 82 1427354 98 17018
209 174 4887768 130 16038
210 82 1937166 56 14834
211 64 1101774 42 12784
212 158 4124784 94 19478
213 40 1012702 52 15948
214 32 697736 36 12882
215 0 0 0 0
216 4 288 0 0
217 0 0 0 0
218 0 0 0 0
219 0 0 0 0
220 2 104 4 208
221 26 8182 22 16656
222 86 28284 88 188398
223 1268 135994 1296 9072968
224 822 66306 822 6309220
225 0 0 0 0
226 0 0 0 0
227 414 2591540 362 83666
228 200 408518 280 73192
229 268 1553644 348 81226
230 214 511114 310 84912
231 52 51318 72 20930
232 82 165256 96 24496
233 44 49504 54 12948
234 56 55306 72 19608
235 50 48192 74 22356
236 52 86080 80 20924
237 44 96954 70 20608
238 206 331498 302 80956
239 190 270180 284 79590
240 184 327606 246 71930
241 56 43786 76 19818
242 44 35884 58 16236
243 46 39060 64 26714
244 40 26666 46 13432
245 44 31148 50 14492
246 64 50334 74 21016
247 54 46312 82 23100
248 208 150974 274 70834
249 1568 45249316 1134 108754
250 1730 51856700 1222 118220
251 288 9191880 176 10256
252 1636 53566176 880 47968
253 512 16285222 206 16338
254 4 780 0 0
255 16 1404 24 1248
256 4 780 0 0
257 6 3300 4 1530
258 6 1326 10 5438
259 10 4266 10 12078
260 48 11582 46 66258
261 0 0 0 0
262 0 0 0 0
263 0 0 0 0
264 0 0 0 0
265 8 416 16 832
266 0 0 0 0
267 0 0 0 0
268 0 0 0 0
269 0 0 0 0
270 0 0 0 0
271 0 0 0 0
272 0 0 0 0
273 0 0 0 0
274 0 0 0 0
275 46 154896 40 14364
276 82 228430 82 54626
277 80 256878 94 70998
278 96 313204 94 74824
279 104 309160 104 92246
280 154 1249116 140 85286
281 260 4216462 242 54980
282 174 1728884 172 87700
283 180 896728 144 71496
284 64 459754 66 28902
285 192 2541382 192 30028
286 18 37286 18 7942
287 260 2407156 142 19140
288 0 0 0 0
289 444 3286020 122 25254
290 38 36650 34 19628
291 172 507520 126 95402
292 546 3927980 210 89976
293 322 2119356 156 79572
294 8 1830 8 10032
295 0 0 0 0
296 2 104 4 208
297 0 0 0 0
298 4 208 8 416
299 6 312 12 624
300 0 0 0 0
301 0 0 0 0
302 0 0 0 0
303 0 0 0 0
304 0 0 0 0
305 0 0 0 0
306 78 25750 74 117210
307 148 53896 134 322810
308 192 69224 174 377888
309 18908 1034146 19940 177719310
310 1448 137928 1530 11455092
311 1422 108580 1548 12175552
312 2 104 0 0
313 8 1766 6 1998
314 0 0 0 0
315 26 138972 26 11562
316 54 13792 64 71138
317 6 2276 6 13924
318 86 210336 48 83356
319 2 104 0 0
320 0 0 0 0
321 0 0 0 0
322 0 0 0 0
323 2 104 4 208
324 0 0 0 0
325 0 0 0 0
326 0 0 0 0
327 0 0 0 0
328 8 1852 6 2198
329 0 0 0 0
330 0 0 0 0
331 0 0 0 0
332 0 0 0 0
333 2 104 4 208
334 0 0 0 0
335 0 0 0 0
336 4 288 0 0
337 0 0 0 0
338 0 0 0 0
339 0 0 0 0
340 0 0 0 0
341 0 0 0 0
342 0 0 0 0
343 8 1766 6 1998
344 0 0 0 0
345 0 0 0 0
346 0 0 0 0
347 0 0 0 0
348 4 208 2 104
349 0 0 0 0
350 0 0 0 0
351 0 0 0 0
352 52 16500 46 84850
353 0 0 0 0
354 0 0 0 0
355 0 0 0 0
356 0 0 0 0
357 4 208 8 416
358 0 0 0 0
359 0 0 0 0
360 4 292 0 0
361 0 0 0 0
362 4 612 0 0
363 0 0 0 0
364 0 0 0 0
365 0 0 0 0
366 4 288 0 0
367 0 0 0 0
368 0 0 0 0
369 0 0 0 0
370 0 0 0 0
371 0 0 0 0
372 0 0 0 0
373 8 1766 6 1998
374 4 780 0 0
375 4 780 0 0
376 4 780 0 0
377 4 780 0 0
378 4 208 2 104
379 0 0 0 0
380 0 0 0 0
381 0 0 0 0
382 0 0 0 0
383 0 0 0 0
384 0 0 0 0
385 22 6094 18 22100
386 10 3526 10 4192
387 0 0 0 0
388 0 0 0 0
389 0 0 0 0
390 270 1143884 180 206146
391 1078 10743124 826 90160
392 1344 19864338 710 97996
393 1070 12523316 680 96436
394 408 8672126 216 35076
395 364 3298388 250 30234
396 196 827466 38 8586
397 0 0 0 0
398 0 0 0 0
399 0 0 0 0
400 0 0 0 0
401 12 624 24 1248
402 0 0 0 0
403 8 1766 6 1998
404 0 0 0 0
405 0 0 0 0
406 0 0 0 0
407 8 4162 8 11974
408 12 6182 12 15390
409 0 0 0 0
410 0 0 0 0
411 0 0 0 0
412 0 0 0 0
413 2 104 4 208
414 0 0 0 0
415 0 0 0 0
416 0 0 0 0
417 126 87388 128 40088
418 88 66920 174 57842
419 114 107392 220 72378
420 48 35928 90 28316
421 44 32992 52 26408
422 30 15314 32 13140
423 48 18426 48 170762
424 14 27912 14 4694
425 26 22114 26 13608
426 8 2248 4 1530
427 30 34716 44 11542
428 56 57818 68 32420
429 56 68264 60 177538
430 52 118440 52 25296
431 38 41618 38 13874
432 44 28332 44 31946
433 46 55712 50 16166
434 56 213458 52 23540
435 28 25872 28 10704
436 36 29808 36 13760
437 34 36262 48 16964
438 22 34984 44 16830
439 24 37908 50 19786
440 26 26300 32 12240
441 28 32746 38 13870
442 30 32890 46 15544
443 24 36102 44 16830
444 20 28730 36 13770
445 22 35208 44 16830
446 22 36376 44 16830
447 24 39132 48 18360
448 20 32306 40 15300
449 18 28716 38 15196
450 22 44856 38 13874
451 20 31614 40 15292
452 126 1935020 110 18900
453 22 336544 42 15404
454 26 394512 46 15612
455 34 731614 48 13096
456 102 65302 120 110600
457 374 6212512 314 149634
458 372 6552942 314 165184
459 372 6607540 308 182526
460 312 4334590 276 362068
461 324 1467306 350 970536
462 1216 1177492 1240 8792878
463 176 2888194 172 23058
464 112 1700032 98 18340
465 124 2102810 62 15122
466 40 40960 58 39142
467 202 101596 222 313952
468 1148 154706 1166 7855872
469 814 96348 880 6404636
470 2 104 0 0
471 0 0 0 0
472 72 24554 70 91936
473 166 62842 138 131432
474 210 73428 200 195368
475 118 37254 112 91338
476 0 0 0 0
477 0 0 0 0
478 0 0 0 0
479 0 0 0 0
480 16 916 24 1248
481 0 0 0 0
482 4 612 0 0
483 0 0 0 0
484 0 0 0 0
485 0 0 0 0
486 4 288 0 0
487 0 0 0 0
488 8 1852 6 2198
489 0 0 0 0
490 2 1224 2 104
491 186 220318 222 71740
492 178 317618 248 69918
493 106 117904 156 47098
494 72 30874 70 21494
495 8 988 4 2852
496 4 780 0 0
497 4 780 0 0
498 4 208 2 104
499 8 416 16 832
500 4 208 8 416
501 0 0 0 0
502 0 0 0 0
503 0 0 0 0
504 0 0 0 0
505 0 0 0 0
506 0 0 0 0
507 0 0 0 0
508 0 0 0 0
509 0 0 0 0
510 0 0 0 0
511 0 0 0 0
512 0 0 0 0
513 0 0 0 0
514 0 0 0 0
515 0 0 0 0
516 4 288 0 0
517 0 0 0 0
518 0 0 0 0
519 0 0 0 0
520 0 0 0 0
521 0 0 0 0
522 0 0 0 0
523 22 5564 16 4220
524 134 52260 136 135764
525 182 70936 172 158392
526 150 56752 134 136790
527 0 0 0 0
528 4 208 2 104
529 2 104 4 208
530 0 0 0 0
531 2 104 4 208
532 10 2454 8 9438
533 0 0 0 0
534 0 0 0 0
535 6 2230 6 9316
536 0 0 0 0
537 0 0 0 0
538 6 2230 6 9316
539 0 0 0 0
540 0 0 0 0
541 0 0 0 0
542 0 0 0 0
543 2 104 4 208
544 0 0 0 0
545 0 0 0 0
546 22 4294 14 11436
547 8 17164 6 1350
548 12420 420633674 8088 422784
549 11562 400603540 7662 400632
550 0 0 0 0
551 5784 200301926 3812 199328
552 0 0 0 0
553 4888 200259302 2966 158820
554 4144 171143942 2544 133392
555 698 29109000 434 22568
556 378 15296074 196 11296
557 4 1704 4 1312
558 6 312 6 312
559 0 0 0 0
560 0 0 0 0
561 0 0 0 0
562 0 0 0 0
563 0 0 0 0
564 0 0 0 0
565 0 0 0 0
566 12 3058 10 13020
567 600 200758 476 1734418
568 0 0 0 0
569 0 0 0 0
570 0 0 0 0
571 0 0 0 0
572 12 624 24 1248
573 2 104 2 1426
574 0 0 0 0
575 0 0 0 0
576 4 288 0 0
577 0 0 0 0
578 2 104 4 208
579 0 0 0 0
580 0 0 0 0
581 0 0 0 0
582 0 0 0 0
583 0 0 0 0
584 0 0 0 0
585 0 0 0 0
586 0 0 0 0
587 0 0 0 0
588 0 0 0 0
589 0 0 0 0
590 540 179012 480 1728666
591 60 25348 40 24254
592 0 0 0 0
593 0 0 0 0
594 0 0 0 0
595 100 31220 100 229064
596 0 0 0 0
597 0 0 0 0
598 0 0 0 0
599 0 0 0 0
600 22 4934 28 5406
601 0 0 0 0
602 112 35344 98 81980
603 0 0 0 0
604 0 0 0 0
605 0 0 0 0
606 1152 33565812 822 243658
607 780 25275152 606 34444
608 622 19926910 438 25008
609 788 25732892 564 30432
610 706 23109646 436 27944
611 96 2367096 88 7782
612 1230 40962060 782 42872
613 1674 54878780 962 52232
614 764 24945798 498 27000
615 750 24750280 382 20968
616 726 23308684 470 28558
617 114 3380004 80 5280
618 428 7560720 348 18120
619 226 7351784 170 8840
620 586 18644566 412 22530
621 308 8932146 224 14438
622 804 19811584 450 24722
623 82 1210928 40 6046
624 346 11290184 246 12792
625 232 7614240 178 9256
626 54 1643092 36 1872
627 304 9649600 210 12024
628 1626 53370972 1066 57640
629 1570 51400096 912 50736
630 1588 51990858 1046 56600
631 1572 51467626 874 48760
632 1408 46101496 904 50320
633 8 1864 6 2062
634 0 0 0 0
635 0 0 0 0
636 4 288 0 0
637 0 0 0 0
638 2 104 4 208
639 0 0 0 0
640 0 0 0 0
641 4 2706 6 4538
642 0 0 0 0
643 0 0 0 0
644 0 0 0 0
645 0 0 0 0
646 2 104 4 208
647 0 0 0 0
648 0 0 0 0
649 0 0 0 0
650 0 0 0 0
651 8 1766 6 1998
652 0 0 0 0
653 0 0 0 0
654 0 0 0 0
655 0 0 0 0
656 4 208 2 104
657 0 0 0 0
658 0 0 0 0
659 0 0 0 0
660 0 0 0 0
661 0 0 0 0
662 0 0 0 0
663 0 0 0 0
664 0 0 0 0
665 0 0 0 0
666 14058 742862 20344 358369974
667 2098 109096 5580 292262440
668 6 1714 6 2140
669 0 0 0 0
670 0 0 0 0
671 2 104 4 208
672 2 104 4 208
673 2 104 4 208
674 0 0 0 0
675 0 0 0 0
676 0 0 0 0
677 0 0 0 0
678 0 0 0 0
679 0 0 0 0
680 8 1852 6 2198
681 8 1766 6 1998
682 0 0 0 0
683 0 0 0 0
684 0 0 0 0
685 2 104 4 208
686 20 4110 14 13002
687 0 0 0 0
688 0 0 0 0
689 0 0 0 0
690 6 2230 6 10882
691 4 1334 6 312
692 606 20032650 338 18614
693 3810 200199274 1592 83888
694 1092 50592074 424 24256
695 0 0 0 0
696 4 288 0 0
697 0 0 0 0
698 0 0 0 0
699 0 0 0 0
700 0 0 0 0
701 0 0 0 0
702 0 0 0 0
703 0 0 0 0
704 0 0 0 0
705 2 104 2 1426
706 0 0 0 0
707 0 0 0 0
708 9 2271 6 1904
709 573 196347 468 1741292
710 18 7136 18 6570
711 0 0 0 0
712 44 7984 40 199532
713 2 1228 2 104
714 1318 20185884 854 1751428
715 2438 74529846 1552 100970
716 5590 200293410 3714 195336
717 0 0 0 0
718 1788 63880118 1196 63296
719 12 2172 18 3362
720 10 604 12 624
721 0 0 0 0
722 4 612 0 0
723 2 104 2 1426
724 2 104 4 208
725 0 0 0 0
726 586 194184 440 1732228
727 26 12326 22 18818
728 2 104 4 208
729 106 31544 106 227706
730 18 7128 18 14536
731 8 4194 8 9000
732 6 2086 4 3724
733 0 0 0 0
734 10 1092 12 624
735 10 2448 10 520
736 4 780 0 0
737 8 2406 4 1134
738 2 104 2 1836
739 0 0 0 0
740 0 0 0 0
741 0 0 0 0
742 2 1454 2 104
743 0 0 0 0
744 6 1730 6 2970
745 0 0 0 0
746 0 0 0 0
747 8 4162 8 13360
748 0 0 0 0
749 0 0 0 0
750 0 0 0 0
751 0 0 0 0
752 36 9938 32 21468
753 0 0 0 0
754 0 0 0 0
755 0 0 0 0
756 68 15062 60 212008
757 10 1922 16 4328
758 2 104 0 0
759 20 6238 20 18268
760 0 0 0 0
761 14 4524 16 16232
762 2 104 4 208
763 0 0 0 0
764 0 0 0 0
765 0 0 0 0
766 2 104 4 208
767 0 0 0 0
768 6 2246 4 224
769 4 1286 4 10780
770 2 104 2 1030
771 0 0 0 0
772 0 0 0 0
773 0 0 0 0
774 0 0 0 0
775 2 104 4 208
776 8 1852 6 2198
777 0 0 0 0
778 0 0 0 0
779 0 0 0 0
780 0 0 0 0
781 2 104 4 208
782 0 0 0 0
783 0 0 0 0
784 0 0 0 0
785 0 0 0 0
786 12 2054 6 1998
787 8 4162 8 13360
788 10 6072 12 9854
789 2 104 0 0
790 0 0 0 0
791 232 3878688 138 7176
792 426 10582004 318 26556
793 0 0 0 0
794 0 0 0 0
795 0 0 0 0
796 0 0 0 0
797 4 208 8 416
798 0 0 0 0
799 0 0 0 0
800 0 0 0 0
801 0 0 0 0
802 0 0 0 0
803 0 0 0 0
804 0 0 0 0
805 0 0 0 0
806 0 0 0 0
807 0 0 0 0
808 0 0 0 0
809 0 0 0 0
810 0 0 0 0
811 0 0 0 0
812 0 0 0 0
813 0 0 0 0
814 0 0 0 0
815 0 0 0 0
816 1796 106632 1806 14551706
817 2 104 0 0
818 0 0 0 0
819 0 0 0 0
820 0 0 0 0
821 6 312 6 312
822 2 104 4 208
823 164 113570 168 52952
824 180 199566 244 69208
825 196 179650 228 67006
826 4 208 0 0
827 0 0 0 0
828 12 4386 10 13482
829 0 0 0 0
830 12 624 24 1248
831 0 0 0 0
832 0 0 0 0
833 2 104 4 208
834 0 0 0 0
835 0 0 0 0
836 0 0 0 0
837 0 0 0 0
838 0 0 0 0
839 0 0 0 0
840 12 2144 6 2198
841 0 0 0 0
842 4 612 0 0
843 0 0 0 0
844 0 0 0 0
845 2 104 4 208
846 12 2054 6 1998
847 8 1552 6 1998
848 0 0 0 0
849 0 0 0 0
850 0 0 0 0
851 4 208 2 104
852 2 104 4 208
853 0 0 0 0
854 4 780 0 0
855 4 780 0 0
856 4 780 0 0
857 22 7290 16 19954
858 20 8466 16 17898
859 0 0 0 0
860 14 6286 14 19832
861 0 0 0 0
862 0 0 0 0
863 22 1488 4 208
864 8 448 0 0
865 10 1008 4 208
866 26 8206 22 27332
867 150 55672 128 229898
868 12 3688 12 16358
869 8 904 0 0
870 0 0 0 0
871 10 1008 4 208
872 0 0 0 0
873 10 1008 4 208
874 0 0 0 0
875 8 904 0 0
876 8 1766 6 1998
877 8 904 0 0
878 0 0 0 0
879 8 904 0 0
880 0 0 0 0
881 10 1008 4 208
882 0 0 0 0
883 8 904 0 0
884 0 0 0 0
885 8 904 0 0
886 0 0 0 0
887 8 904 0 0
888 0 0 0 0
889 8 904 0 0
890 0 0 0 0
891 8 904 0 0
892 0 0 0 0
893 8 904 0 0
894 4 288 0 0
895 8 904 0 0
896 0 0 0 0
897 8 904 0 0
898 0 0 0 0
899 8 904 0 0
900 0 0 0 0
901 8 904 0 0
902 0 0 0 0
903 8 904 0 0
904 0 0 0 0
905 22 4702 10 552
906 110 449554 94 37956
907 10 1008 2 1774
908 0 0 0 0
909 128 452904 124 211964
910 0 0 0 0
911 8 904 0 0
912 4 208 2 104
913 8 904 0 0
914 12 624 24 1248
915 18 5186 8 11646
916 2 104 2 1836
917 20 7074 10 9724
918 36 11642 30 18580
919 10 1008 2 2442
920 4 292 0 0
921 4 612 0 0
922 0 0 0 0
923 6 312 12 624
924 14 2172 10 1464
925 4 1636 4 1940
926 0 0 0 0
927 0 0 0 0
928 0 0 0 0
929 8 3188 8 3074
930 8 4162 8 13360
931 0 0 0 0
932 0 0 0 0
933 0 0 0 0
934 0 0 0 0
935 2 104 4 208
936 8 1766 6 1998
937 0 0 0 0
938 0 0 0 0
939 0 0 0 0
940 0 0 0 0
941 4 208 2 104
942 0 0 0 0
943 0 0 0 0
944 178 2833490 116 9224
945 1976 57516702 1536 82128
946 1628 51375458 1132 63498
947 1704 52721276 1040 60556
948 1546 52318008 1136 62384
949 1724 58485840 1180 63568
950 1616 54353268 1052 58016
951 1678 55208462 1216 65440
952 1510 51396828 832 46576
953 1680 54880886 1046 57704
954 1742 56979532 1200 64608
955 1730 56718494 1126 61864
956 1580 51728148 1128 60864
957 1662 54355662 1068 58848
958 1666 54618014 1048 57808
959 1746 57241804 1170 63048
960 1652 54092998 1004 55520
961 1530 50152684 1012 54832
962 1524 49892038 1006 55624
963 1634 53565964 1130 60968
964 1676 54880678 1134 62280
965 1626 53303404 1062 57432
966 1614 50760674 1022 278846
967 8482 18729884 8646 70027786
968 364 11556086 276 18048
969 306 9460584 226 37266
970 468 14722640 344 18128
971 214 6830506 178 10384
972 1094 34143920 742 40858
973 1384 45085190 994 55000
974 16 4664 16 6736
975 4 780 0 0
976 4 780 0 0
977 4 780 0 0
978 4 780 0 0
979 4 208 8 416
980 6 2246 4 224
981 8972 482644 9090 75575086
982 0 0 0 0
983 0 0 0 0
984 10 2972 8 5758
985 8 2938 8 3912
986 0 0 0 0
987 4 2126 4 208
988 54622 2927536 57002 487342716
989 37780 1964560 44888 700571104
990 0 0 0 0
991 0 0 0 0
992 6 1714 6 2140
993 2 104 4 208
994 8 2334 8 15744
995 56 21066 50 68358
996 22 80398 18 2470
997 2 104 2 1774
998 0 0 0 0
999 62 22642 60 84200
1000 32 109140 32 4742
1001 0 0 0 0
1002 4 208 2 104
1003 0 0 0 0
1004 0 0 0 0
1005 2 104 4 208
1006 0 0 0 0
1007 0 0 0 0
1008 0 0 0 0
1009 0 0 0 0
1010 0 0 0 0
1011 0 0 0 0
1012 0 0 0 0
1013 0 0 0 0
1014 4 288 0 0
1015 0 0 0 0
1016 0 0 0 0
1017 0 0 0 0
1018 0 0 0 0
1019 0 0 0 0
1020 0 0 0 0
1021 0 0 0 0
1022 0 0 0 0
1023 0 0 0 0
1024 0 0 0 0
1025 596 3234366 400 119298
1026 1110 11943218 632 86204
1027 1136 17097636 778 101918
1028 994 13536858 618 90520
1029 556 7116796 220 26030
1030 232 1791032 226 30284
1031 360 2825926 172 23510
1032 2 104 4 208
1033 0 0 0 0
1034 0 0 0 0
1035 0 0 0 0
1036 36 8694 44 14612
1037 0 0 0 0
1038 0 0 0 0
1039 16 8186 14 13188
1040 4 292 0 0
1041 4 612 0 0
1042 0 0 0 0
1043 0 0 0 0
1044 8 496 8 416
1045 6 1676 4 224
1046 6 2694 6 4276
1047 0 0 0 0
1048 32 10894 26 11378
1049 0 0 0 0
1050 0 0 0 0
1051 6064 231027426 3706 206890
1052 5986 263871982 2502 144480
1053 1522 63005768 636 53544
1054 400 20994140 134 8072
1055 118 5671578 44 3392
1056 590 21007184 376 20672
1057 2 104 2 1774
1058 520 21000390 310 17224
1059 0 0 0 0
1060 528 21000806 332 18368
1061 0 0 0 0
1062 76 2395932 56 4016
1063 8 3646 10 4678
1064 0 0 0 0
1065 0 0 0 0
1066 4 208 4 2852
1067 0 0 0 0
1068 2 104 4 208
1069 0 0 0 0
1070 0 0 0 0
1071 4 208 8 416
1072 0 0 0 0
1073 0 0 0 0
1074 4 288 0 0
1075 0 0 0 0
1076 0 0 0 0
1077 0 0 0 0
1078 0 0 0 0
1079 0 0 0 0
1080 0 0 0 0
1081 0 0 0 0
1082 0 0 0 0
1083 0 0 0 0
1084 0 0 0 0
1085 12 3694 8 448
1086 19904 1065282 26910 451483018
1087 1448 75296 3816 199728744
1088 8 1818 8 3170
1089 0 0 0 0
1090 14 4522 14 19734
1091 4 208 2 104
1092 2 104 4 208
1093 2 104 4 208
1094 0 0 0 0
1095 6 884 4 208
1096 12 2632 6 2198
1097 4 780 0 0
1098 4 780 0 0
1099 0 0 0 0
1100 0 0 0 0
1101 2 104 4 208
1102 0 0 0 0
1103 0 0 0 0
1104 4 288 0 0
1105 0 0 0 0
1106 0 0 0 0
1107 0 0 0 0
1108 0 0 0 0
1109 0 0 0 0
1110 20 5218 16 17864
1111 906 14466474 574 30968
1112 8 2672 8 3062
1113 2908 88406848 1834 97510
1114 7304 263212540 4222 221644
1115 2014 82456632 1162 60496
1116 2334 94516978 1350 71440
1117 1086 47540840 600 33086
1118 566 24130600 310 28438
1119 518 19899016 238 12616
1120 396 14365792 228 11928
1121 208 8266896 116 6056
1122 1082 43930994 516 28008
1123 1342 57146664 822 42816
1124 1022 44390246 534 40550
1125 1094 24293134 774 1748586
1126 138 6815368 66 5262
1127 346 10965142 236 31546
1128 646 25453100 434 23720
1129 8 3516 8 2624
1130 8 416 16 832
1131 0 0 0 0
1132 4 208 8 416
1133 0 0 0 0
1134 4 288 0 0
1135 0 0 0 0
1136 6 1714 4 224
1137 0 0 0 0
1138 0 0 0 0
1139 12 4004 12 4590
1140 740 31509274 396 21630
1141 4922 207708566 2776 146524
1142 1358 54047960 896 46640
1143 1178 46814648 790 41080
1144 8 3374 8 2448
1145 2126 83899268 1356 74452
1146 6 1858 8 4164
1147 2 1224 2 104
1148 2 104 2 1772
1149 0 0 0 0
1150 2 104 4 208
1151 2 104 4 208
1152 2 104 2 1426
1153 2 104 4 208
1154 0 0 0 0
1155 8 1766 6 1998
1156 0 0 0 0
1157 2 104 4 208
1158 0 0 0 0
1159 0 0 0 0
1160 6 396 4 208
1161 4 612 0 0
1162 0 0 0 0
1163 0 0 0 0
1164 24 7024 18 34310
1165 0 0 0 0
1166 32 124618 28 1488
1167 2 104 2 1428
1168 6118 175889882 3996 212926
1169 4 1734 4 1312
1170 2 104 2 1426
1171 0 0 0 0
1172 2 104 4 208
1173 2 104 4 208
1174 12 4418 12 26660
1175 0 0 0 0
1176 0 0 0 0
1177 10 3552 10 15350
1178 0 0 0 0
1179 0 0 0 0
1180 0 0 0 0
1181 0 0 0 0
1182 2 104 4 208
1183 134 65492 122 56300
1184 188 342268 240 65508
1185 176 277360 238 67762
1186 166 423116 216 56484
1187 52 32338 60 20538
1188 72 127190 72 14770
1189 56 79304 58 16018
1190 92 309236 92 18018
1191 62 76036 62 17766
1192 60 77024 60 15250
1193 72 123180 70 32884
1194 186 245474 228 62026
1195 162 243596 234 66082
1196 148 132438 174 62002
1197 58 175426 58 12052
1198 62 107420 66 18424
1199 632 3138322 286 29936
1200 60 55748 60 17226
1201 58 30120 66 17770
1202 48 53204 52 14384
1203 32 27670 40 10898
1204 44 32748 58 18008
1205 40 35198 52 13730
1206 52 97800 76 19380
1207 66 50640 96 28148
1208 104 75162 138 39586
1209 96 70804 118 33026
1210 100 84374 156 45592
1211 164 143964 240 69616
1212 208 267698 254 67444
1213 80 76258 82 18932
1214 60 33586 64 19642
1215 70 49924 70 20100
1216 80 107422 76 19162
1217 60 38070 64 20528
1218 68 77216 78 22128
1219 56 52286 76 21370
1220 158 175466 228 63916
1221 192 375904 270 74734
1222 212 379320 288 79660
1223 56 52330 84 24880
1224 68 71862 78 19934
1225 60 31222 64 20746
1226 64 24994 72 18300
1227 66 25672 76 21138
1228 66 25680 80 22668
1229 64 27176 78 21242
1230 184 84122 260 73460
1231 126 61980 186 50654
1232 196 92550 280 80732
1233 60 32466 96 27480
1234 44 19500 58 14914
1235 56 18394 56 16132
1236 62 21124 60 26274
1237 32 10146 32 9596
1238 342 91736 302 906198
1239 338 122902 270 838554
1240 180 69566 190 61472
1241 186 68042 196 53666
1242 60 20124 68 19330
1243 70 38494 72 18054
1244 78 38088 78 19800
1245 74 24836 76 17060
1246 46 21502 52 10640
1247 24 17294 24 6536
1248 16 34990 16 3476
1249 0 0 0 0
1250 50 125838 50 10532
1251 78 67774 94 27158
1252 24 32256 32 9596
1253 0 0 0 0
1254 8 10156 6 1634
1255 16 15772 24 7422
1256 12 29992 18 4902
1257 0 0 0 0
1258 8 18326 12 2832
1259 16 32180 24 6318
1260 20 64928 28 6744
1261 12 43622 16 3476
1262 114 213954 172 47094
1263 690 498930 618 1774730
1264 202 319776 212 63546
1265 66 43862 66 20128
1266 166 802288 120 21788
1267 92 264330 92 19994
1268 90 212136 82 18806
1269 132 304974 118 23394
1270 66 53612 74 19494
1271 294 1588478 214 27878
1272 344 1283092 328 71770
1273 332 1536912 328 79920
1274 68 72842 84 21554
1275 70 84038 74 19712
1276 82 106346 84 22876
1277 80 133024 84 21554
1278 74 170146 76 19816
1279 70 63574 74 19712
1280 80 108362 80 21578
1281 194 241610 254 70116
1282 160 238400 232 66760
1283 76 83512 80 16050
1284 58 44792 54 16024
1285 92 143934 88 20158
1286 74 76454 76 21074
1287 70 62688 72 20716
1288 50 69998 58 16896
1289 76 132920 84 19730
1290 176 240974 222 59018
1291 208 163664 266 74586
1292 182 160718 224 68590
1293 20 16772 28 8066
1294 8 1766 6 1998
1295 32 22146 36 9804
1296 0 0 0 0
1297 0 0 0 0
1298 28 15204 28 9388
1299 10 6508 12 624
1300 36 20368 36 9804
1301 0 0 0 0
1302 0 0 0 0
1303 162 138496 198 57670
1304 206 213846 284 80808
1305 196 234440 246 72212
1306 64 90608 72 16092
1307 70 58534 68 32490
1308 110 280062 102 20430
1309 58 36482 60 18112
1310 74 99960 80 21796
1311 58 63826 64 19192
1312 84 281016 94 21870
1313 284 752528 308 69806
1314 200 296844 280 75444
1315 190 289020 276 75206
1316 66 68914 78 22338
1317 66 53602 74 21026
1318 74 97120 86 21608
1319 76 155968 78 19494
1320 144 130446 134 204358
1321 78 46172 78 45434
1322 68 57998 68 31140
1323 198 300756 232 59522
1324 242 745354 298 78046
1325 74 45840 80 19970
1326 102 180390 104 24802
1327 80 141676 88 20004
1328 48 27130 50 12536
1329 40 25046 40 11116
1330 36 28720 36 11126
1331 104 46804 94 35818
1332 200 121106 224 102656
1333 134 87602 194 66786
1334 34 19212 36 11126
1335 62 29764 64 18538
1336 66 34410 66 18642
1337 88 57588 102 22490
1338 80 40872 82 22772
1339 54 37944 70 20826
1340 60 30444 70 19736
1341 192 110536 236 75164
1342 216 263604 254 70252
1343 180 209702 246 65696
1344 62 50390 72 18358
1345 66 47584 78 21242
1346 64 42872 64 32230
1347 74 53554 74 19944
1348 68 82678 68 19400
1349 68 57210 68 18078
1350 74 148430 78 19702
1351 142 159188 198 54574
1352 232 238786 290 75674
1353 222 283776 276 77840
1354 62 35110 74 21374
1355 76 39810 76 18436
1356 72 31678 72 19600
1357 70 31394 70 19496
1358 84 36686 84 21492
1359 76 34416 78 21240
1360 64 29376 64 16490
1361 164 126670 192 53636
1362 424 3487358 342 76610
1363 188 101188 222 76360
1364 82 37660 90 24974
1365 36 17558 36 9804
1366 58 21974 56 95326
1367 40 17344 40 14442
1368 58 25004 58 16236
1369 56 24834 56 14810
1370 50 19876 50 14498
1371 118 50844 122 31462
1372 62 22634 66 23262
1373 0 0 0 0
1374 4 288 0 0
1375 0 0 0 0
1376 0 0 0 0
1377 12 624 24 1248
1378 0 0 0 0
1379 0 0 0 0
1380 0 0 0 0
1381 0 0 0 0
1382 0 0 0 0
1383 0 0 0 0
1384 8 1766 6 1998
1385 0 0 0 0
1386 0 0 0 0
1387 0 0 0 0
1388 0 0 0 0
1389 4 208 2 104
1390 0 0 0 0
1391 0 0 0 0
1392 0 0 0 0
1393 0 0 0 0
1394 32 9276 30 94186
1395 166 57190 156 357254
1396 182 68854 164 241986
1397 186 70404 188 225888
1398 184 68956 174 208514
1399 192 73046 186 213736
1400 210 78790 178 232702
1401 196 72592 180 214652
1402 186 70138 162 248044
1403 172 61166 156 315846
1404 212 67994 214 557170
1405 178 63222 164 254084
1406 192 70274 198 403240
1407 152 54908 150 303458
1408 190 63838 186 481000
1409 180 61550 152 369406
1410 194 65434 184 452894
1411 204 63828 190 647440
1412 164 45218 178 857140
1413 202 282378 222 57534
1414 216 554520 258 66368
1415 134 213468 168 45122
1416 72 117558 72 18954
1417 56 34246 56 15042
1418 44 27856 44 12428
1419 54 58356 56 14592
1420 64 59904 64 18320
1421 52 52914 52 14384
1422 76 97290 76 20484
1423 170 118294 206 55660
1424 188 115384 258 74276
1425 116 66652 136 46104
1426 262 78904 232 767678
1427 368 143416 300 971036
1428 48 47894 48 11750
1429 48 23086 48 13072
1430 98 44004 86 22272
1431 66 27178 66 102462
1432 96 44168 96 29144
1433 210 154504 250 69870
1434 142 94452 184 53266
1435 58 22716 70 15538
1436 46 28904 46 11646
1437 54 25344 58 14914
1438 54 27736 54 14706
1439 64 38352 64 16548
1440 52 24096 52 14602
1441 94 63158 94 28678
1442 226 599044 278 68264
1443 86 148830 110 27342
1444 60 57902 60 15898
1445 80 75934 80 21670
1446 72 49288 72 20908
1447 70 97870 74 20308
1448 50 151284 52 10640
1449 86 103620 86 17694
1450 94 127292 94 24508
1451 188 229194 246 72140
1452 162 259734 188 50892
1453 78 95290 76 20702
1454 70 78084 70 18850
1455 86 177440 82 19692
1456 74 76226 70 19286
1457 70 48398 66 20618
1458 64 76004 60 17458
1459 102 158476 106 28436
1460 222 313078 278 73776
1461 206 598474 228 59582
1462 50 37732 66 18874
1463 50 48132 54 15592
1464 70 117428 66 16216
1465 52 32660 50 12740
1466 48 21736 48 16384
1467 58 63306 58 15146
1468 58 29500 58 18458
1469 194 175244 220 60392
1470 122 190502 142 38094
1471 68 67006 66 16900
1472 52 25836 52 25608
1473 48 21770 48 13072
1474 322 101778 270 948344
1475 274 102404 198 787042
1476 44 51680 44 8898
1477 92 41196 84 23160
1478 232 119054 272 193914
1479 150 116364 194 49684
1480 70 34840 76 22454
1481 70 34302 68 18066
1482 68 27138 76 18482
1483 68 31914 72 16894
1484 70 144188 70 16848
1485 56 17220 56 14758
1486 68 20968 64 17152
1487 174 62908 186 49220
1488 132 58410 172 48836
1489 66 24668 70 19504
1490 70 25068 70 19504
1491 62 22676 62 17766
1492 80 28706 80 22668
1493 70 26492 78 22564
1494 58 21760 60 17662
1495 90 31846 96 25926
1496 216 123084 296 82814
1497 156 111634 212 62910
1498 552 2530332 354 32464
1499 166 530462 110 17666
1500 72 44254 72 19608
1501 68 33732 68 19400
1502 70 28578 70 20826
1503 68 116890 72 19404
1504 82 31924 88 23534
1505 200 100484 276 76486
1506 136 70210 198 56410
1507 52 20646 54 15070
1508 62 22254 64 17870
1509 62 22748 62 17548
1510 66 25476 66 17970
1511 70 29308 70 19500
1512 66 23470 64 19188
1513 54 20066 54 18232
1514 190 80790 218 57992
1515 130 62678 162 43890
1516 62 19998 62 16376
1517 48 20024 48 13066
1518 54 20990 54 14698
1519 60 22548 58 17560
1520 52 18806 48 24276
1521 42 11460 40 12574
1522 204 64350 170 427006
1523 546 194618 452 1338722
1524 140 51694 142 160994
1525 76 33708 76 20512
1526 66 40996 66 19296
1527 70 34208 70 19504
1528 76 28206 84 20232
1529 62 23250 64 17666
1530 68 25764 70 18182
1531 66 23878 66 19296
1532 184 81786 224 61884
1533 138 70508 188 53852
1534 76 27328 74 19712
1535 70 26430 70 19286
1536 66 23650 66 20618
1537 72 26698 72 19622
1538 30 15628 30 8170
1539 80 28560 80 22668
1540 72 26540 72 19608
1541 194 91910 240 67786
1542 174 90646 236 63950
1543 52 20990 62 19088
1544 62 26042 66 19528
1545 72 25620 72 19608
1546 62 25552 62 17766
1547 54 20262 54 14706
1548 50 18220 50 14498
1549 48 20158 48 13072
1550 146 93028 154 43692
1551 134 83640 152 40890
1552 60 27346 60 17662
1553 58 37296 58 16232
1554 66 25740 60 16700
1555 62 27936 62 16440
1556 68 31202 68 19396
1557 80 40184 80 21290
1558 82 85068 82 21438
1559 190 116350 232 63508
1560 50 22602 58 13494
1561 50 20146 50 14498
1562 72 29952 72 19604
1563 62 31914 62 17762
1564 70 26204 70 20772
1565 66 53880 66 16652
1566 64 28512 64 19192
1567 68 32300 68 19400
1568 196 128652 248 69742
1569 112 84792 150 42244
1570 48 21530 44 14186
1571 62 26414 62 17766
1572 72 44834 72 18954
1573 74 36754 74 21034
1574 44 18566 44 15508
1575 70 31296 66 19296
1576 80 59996 76 19816
1577 192 122570 248 69766
1578 190 135312 258 72978
1579 70 39440 74 19712
1580 78 84668 78 19920
1581 72 37394 72 20930
1582 60 33094 60 17662
1583 68 36860 68 19400
1584 82 36044 76 21502
1585 66 28994 66 19296
1586 202 139104 256 71520
1587 196 159380 260 69050
1588 76 36880 76 21132
1589 72 28684 70 20822
1590 78 47180 78 21238
1591 74 33930 74 20976
1592 68 29828 68 16752
1593 70 33768 70 20818
1594 96 257976 88 19130
1595 272 811032 296 61320
1596 200 274362 260 70164
1597 106 155406 108 22748
1598 136 581244 132 23832
1599 98 179286 98 24926
1600 58 33820 60 18780
1601 22 9362 22 9744
1602 204 978024 174 19696
1603 80 157646 80 18702
1604 218 604150 272 68432
1605 184 476962 248 64322
1606 136 226760 182 48920
1607 60 43990 74 20816
1608 74 64980 76 20920
1609 84 61190 84 24198
1610 66 36588 66 19746
1611 70 58246 76 20266
1612 88 211742 100 23054
1613 122 470248 120 22104
1614 286 647188 328 78996
1615 176 174852 226 65816
1616 198 312740 256 67766
1617 60 37352 62 27252
1618 64 72616 64 15224
1619 158 81684 138 335646
1620 484 180280 390 1409028
1621 48 24072 48 16598
1622 98 56338 82 20970
1623 78 31978 76 192668
1624 214 274052 222 64102
1625 190 280714 248 64764
1626 140 116478 158 43844
1627 56 34164 60 13694
1628 62 42162 60 17658
1629 64 41684 64 16546
1630 70 46254 66 16594
1631 56 37148 52 15926
1632 32 24850 30 8170
1633 50 33908 48 14394
1634 206 165580 216 62790
1635 146 127406 176 52778
1636 162 158944 200 60636
1637 68 50180 62 19088
1638 80 58474 74 22356
1639 82 58444 72 22252
1640 80 55912 70 20826
1641 80 56878 70 20826
1642 66 50252 62 19088
1643 78 53898 72 22252
1644 206 184806 230 71450
1645 196 197284 230 75440
1646 188 187018 212 71820
1647 80 58248 70 20768
1648 78 57942 68 22046
1649 78 58160 68 22044
1650 78 54220 68 22040
1651 78 58028 66 20614
1652 86 55766 72 22610
1653 82 86240 64 21880
1654 208 380336 248 69760
1655 230 427250 302 83088
1656 186 347024 244 65620
1657 64 112048 84 22872
1658 64 91828 62 16440
1659 68 83666 68 18024
1660 62 97340 62 16444
1661 52 74172 52 15924
1662 54 75012 54 14706
1663 46 61402 46 14290
1664 62 92092 62 16444
1665 148 181248 160 42256
1666 120 78922 138 44670
1667 42 14826 42 13224
1668 26 9514 26 7976
1669 30 10870 30 9288
1670 36 12138 36 11808
1671 36 12204 36 11808
1672 38 12488 38 13016
1673 28 9764 28 9184
1674 94 33208 96 31488
1675 110 42038 130 44296
1676 38 16166 40 10912
1677 50 16456 50 16952
1678 48 15330 48 16848
1679 38 13476 38 11912
1680 30 9670 30 10392
1681 20 8060 20 5456
1682 32 9816 32 11598
1683 74 23862 72 24190
1684 40 15960 40 10908
1685 26 8324 26 9076
1686 36 11166 36 9544
1687 26 6004 26 11290
1688 28 11960 30 5976
1689 34 8938 34 13912
1690 32 13278 32 8288
1691 30 9708 30 10390
1692 100 32266 100 34998
1693 86 30218 88 26578
1694 128 45012 128 39788
1695 58 19818 54 17156
1696 48 15844 44 14428
1697 50 16068 46 15636
1698 48 14754 44 12166
1699 46 15148 46 15638
1700 38 12500 38 13012
1701 34 12074 34 10598
1702 126 50624 158 50102
1703 106 43274 126 40766
1704 50 15138 52 15894
1705 44 13728 42 14330
1706 34 12042 34 10596
1707 36 12392 36 11806
1708 40 12536 36 11804
1709 30 10814 30 9286
1710 36 11162 36 12908
1711 98 31724 104 34056
1712 130 54248 158 49646
1713 44 17584 50 15848
1714 38 12256 38 13016
1715 44 15268 44 14432
1716 30 10998 30 9288
1717 18 2184 20 8768
1718 12 7524 12 624
1719 16 3156 16 7456
1720 68 24166 68 21200
1721 92 38324 114 36834
1722 132 46268 140 43644
1723 44 15060 44 14434
1724 42 13834 42 14328
1725 36 12454 36 11808
1726 30 9706 30 10392
1727 30 10832 30 9288
1728 38 13588 38 11912
1729 42 13918 42 14328
1730 104 39382 120 40460
1731 122 51660 152 48740
1732 104 37210 116 36888
1733 42 14084 40 13120
1734 44 16600 44 13328
1735 42 13994 42 14326
1736 30 10956 30 9286
1737 36 11376 36 12908
1738 34 11310 30 9286
1739 30 9872 30 10388
1740 118 42662 124 38406
1741 118 56062 158 52368
1742 100 42158 126 42450
1743 50 17780 54 14896
1744 40 14954 40 12012
1745 44 14136 44 15532
1746 46 16066 46 14534
1747 48 15014 46 15096
1748 40 11248 36 10650
1749 40 12694 40 14224
1750 132 49566 142 44920
1751 116 51442 158 52368
1752 96 44460 134 43386
1753 54 16722 56 17204
1754 40 13970 40 13118
1755 42 13720 42 14324
1756 52 16792 52 14790
1757 36 11644 36 12914
1758 38 15526 38 10808
1759 40 14072 40 13120
1760 128 45448 138 46920
1761 130 48760 146 48440
1762 130 55062 162 51470
1763 46 15306 46 15636
1764 44 16172 44 13324
1765 52 15640 52 15898
1766 40 13880 40 13120
1767 48 16342 48 15744
1768 50 17082 46 14536
1769 38 12728 38 13016
1770 94 32410 106 37522
1771 0 0 0 0
1772 8 1766 6 1998
1773 0 0 0 0
1774 0 0 0 0
1775 12 624 24 1248
1776 0 0 0 0
1777 4 208 2 104
1778 0 0 0 0
1779 10 3022 8 2016
1780 556 168790 464 1730228
1781 120 19298 110 618938
1782 0 0 0 0
1783 0 0 0 0
1784 0 0 0 0
1785 4 208 8 416
1786 4 208 8 416
1787 0 0 0 0
1788 0 0 0 0
1789 0 0 0 0
1790 0 0 0 0
1791 0 0 0 0
1792 0 0 0 0
1793 0 0 0 0
1794 0 0 0 0
1795 0 0 0 0
1796 0 0 0 0
1797 0 0 0 0
1798 4 288 0 0
1799 0 0 0 0
1800 0 0 0 0
1801 104 14980 102 643936
1802 176 56434 166 451074
1803 188 62084 160 570374
1804 172 63780 162 253396
1805 192 70566 172 291316
1806 166 62488 142 271712
1807 160 57030 144 348414
1808 208 61738 218 736884
1809 214 66720 216 644602
1810 186 61012 202 660412
1811 226 54734 236 1337038
1812 190 67708 164 371824
1813 170 58896 166 321476
1814 180 67246 162 304532
1815 268 56854 268 1350354
1816 140 62050 142 103052
1817 126 56162 152 110034
1818 134 68188 174 123006
1819 154 72322 190 115672
1820 162 70564 184 138168
1821 146 71550 170 133056
1822 138 67990 192 125658
1823 162 74562 204 142112
1824 158 78346 200 143152
1825 144 71838 166 127512
1826 148 67140 164 104936
1827 146 65994 170 112700
1828 156 72712 184 127598
1829 158 68290 186 121284
1830 140 68070 184 125094
1831 138 62916 160 102388
1832 152 67822 188 116636
1833 156 67454 182 111692
1834 140 62032 148 103200
1835 146 63292 150 110034
1836 158 69210 192 114132
1837 138 67136 176 142866
1838 148 73262 178 130730
1839 138 65466 164 114252
1840 132 62626 162 121392
1841 116 59754 156 111062
1842 120 57652 148 103500
1843 142 61014 160 107560
1844 136 60146 156 122730
1845 170 73022 184 127186
1846 154 68890 174 116720
1847 168 73524 190 136756
1848 126 56186 142 125012
1849 102 50648 124 74964
1850 152 63328 172 118776
1851 156 69914 172 118050
1852 146 61978 158 108528
1853 140 63980 158 109770
1854 148 65646 178 154740
1855 118 61388 148 83626
1856 140 64716 144 108054
1857 146 64864 170 104462
1858 236 80832 230 323552
1859 132 59632 150 111524
1860 156 67870 170 124464
1861 130 60256 160 92914
1862 142 67948 162 103946
1863 186 78442 184 126576
1864 172 72898 194 124736
1865 108 48628 112 86528
1866 136 59514 134 103972
1867 148 64224 154 110432
1868 96 29306 106 215220
1869 54 27146 94 25190
1870 42 22192 70 19384
1871 26 14620 50 15380
1872 12 7284 24 6804
1873 16 7456 24 6804
1874 16 7446 24 6804
1875 18 9752 32 9072
1876 16 6350 26 6908
1877 30 10718 32 8164
1878 56 25172 80 23486
1879 46 28004 94 27112
1880 52 29174 96 27216
1881 30 14108 42 11444
1882 16 7464 24 6804
1883 16 8524 32 8146
1884 22 8858 28 7938
1885 22 8822 28 7938
1886 12 7274 24 6804
1887 14 8456 28 7938
1888 44 24518 80 22680
1889 48 29108 98 28246
1890 50 30128 98 27314
1891 8 1516 10 4218
1892 0 0 0 0
1893 0 0 0 0
1894 0 0 0 0
1895 0 0 0 0
1896 6 312 12 624
1897 0 0 0 0
1898 0 0 0 0
1899 0 0 0 0
1900 26 5780 20 10858
1901 0 0 0 0
1902 0 0 0 0
1903 0 0 0 0
1904 0 0 0 0
1905 10 2750 12 7594
1906 0 0 0 0
1907 0 0 0 0
1908 0 0 0 0
1909 0 0 0 0
1910 4 208 8 416
1911 0 0 0 0
1912 0 0 0 0
1913 0 0 0 0
1914 0 0 0 0
1915 0 0 0 0
1916 0 0 0 0
1917 0 0 0 0
1918 4 288 0 0
1919 0 0 0 0
1920 0 0 0 0
1921 0 0 0 0
1922 0 0 0 0
1923 0 0 0 0
1924 0 0 0 0
1925 0 0 0 0
1926 72 15734 76 371514
1927 6 1714 6 2140
1928 14 4066 14 16322
1929 0 0 0 0
1930 8 1766 6 1998
1931 0 0 0 0
1932 0 0 0 0
1933 2 104 4 208
1934 0 0 0 0
1935 8 988 2 104
1936 4 780 0 0
1937 130 33448 114 238026
1938 12 4942 8 16132
1939 24 9266 24 21022
1940 2 2478 2 104
1941 36 6872 34 182594
1942 6 312 12 624
1943 0 0 0 0
1944 2 104 4 208
1945 0 0 0 0
1946 4 208 8 416
1947 0 0 0 0
1948 4 288 0 0
1949 0 0 0 0
1950 0 0 0 0
1951 0 0 0 0
1952 0 0 0 0
1953 6 1698 4 224
1954 0 0 0 0
1955 0 0 0 0
1956 0 0 0 0
1957 2 104 2 1032
1958 4 1644 4 1940
1959 0 0 0 0
1960 4 1542 4 1876
1961 0 0 0 0
1962 0 0 0 0
1963 0 0 0 0
1964 0 0 0 0
1965 0 0 0 0
1966 2 104 4 208
1967 0 0 0 0
1968 0 0 0 0
1969 0 0 0 0
1970 0 0 0 0
1971 0 0 0 0
1972 0 0 0 0
1973 0 0 0 0
1974 0 0 0 0
1975 0 0 0 0
1976 0 0 0 0
1977 0 0 0 0
1978 4 288 0 0
1979 0 0 0 0
1980 88 26246 90 182822
1981 20 10950 38 11236
1982 32 16438 48 26564
1983 34 20482 68 19278
1984 4 2396 8 2268
1985 10 6026 20 5670
1986 8 4812 16 4536
1987 8 3746 18 4640
1988 12 7200 22 5774
1989 26 9250 26 16440
1990 2 1438 2 104
1991 2 104 2 1772
1992 4 1390 4 2206
1993 20 8410 16 14750
1994 6 312 10 1446
1995 0 0 0 0
1996 0 0 0 0
1997 0 0 0 0
1998 4 208 8 416
1999 2 104 4 208
2000 4 292 0 0
2001 40 9552 32 88390
2002 4 1638 4 1940
2003 0 0 0 0
2004 2 2486 2 104
2005 34 9830 28 16144
2006 2 104 4 208
2007 0 0 0 0
2008 4 288 0 0
2009 0 0 0 0
2010 8 416 16 832
2011 12 3566 10 3196
2012 0 0 0 0
2013 8 4162 8 16132
2014 0 0 0 0
2015 0 0 0 0
2016 0 0 0 0
2017 0 0 0 0
2018 2 104 4 208
2019 0 0 0 0
2020 6 1662 4 224
2021 2 104 2 1774
2022 0 0 0 0
2023 0 0 0 0
2024 0 0 0 0
2025 0 0 0 0
2026 4 208 2 104
2027 0 0 0 0
2028 0 0 0 0
2029 0 0 0 0
2030 0 0 0 0
2031 0 0 0 0
2032 0 0 0 0
2033 0 0 0 0
2034 0 0 0 0
2035 0 0 0 0
2036 0 0 0 0
2037 0 0 0 0
2038 4 288 0 0
2039 0 0 0 0
2040 0 0 0 0
2041 0 0 0 0
2042 0 0 0 0
2043 0 0 0 0
2044 0 0 0 0
2045 0 0 0 0
2046 44 13826 42 40724
2047 2 104 0 0
2048 108 456478 76 32608
2049 1740 14277774 1008 106186
2050 38 435468 32 8686
2051 0 0 0 0
2052 0 0 0 0
2053 8 2834 8 12912
2054 618 200680 536 1762724
2055 10 1092 12 624
2056 14 2736 8 2302
2057 4 780 0 0
2058 4 780 0 0
2059 8 416 16 832
2060 0 0 0 0
