0 8 1754 6 1998
1 0 0 0 0
2 0 0 0 0
3 0 0 0 0
4 0 0 0 0
5 2 104 4 208
6 0 0 0 0
7 0 0 0 0
8 0 0 0 0
9 0 0 0 0
10 0 0 0 0
11 0 0 0 0
12 0 0 0 0
13 4 288 0 0
14 0 0 0 0
15 14 3790 10 552
16 8 1508 8 8592
17 0 0 0 0
18 0 0 0 0
19 10 2508 6 2180
20 996 8762250 710 81800
21 1214 14736092 810 107138
22 1448 20188840 910 118876
23 882 13374418 454 76656
24 0 0 0 0
25 0 0 0 0
26 0 0 0 0
27 0 0 0 0
28 12 624 24 1248
29 6 1650 4 224
30 2 104 2 1774
31 4 288 0 0
32 590 192546 514 1736654
33 14 4544 14 10120
34 12 6128 12 8402
35 0 0 0 0
36 0 0 0 0
37 10 520 20 1040
38 0 0 0 0
39 2 104 4 208
40 0 0 0 0
41 0 0 0 0
42 0 0 0 0
43 0 0 0 0
44 0 0 0 0
45 0 0 0 0
46 0 0 0 0
47 0 0 0 0
48 0 0 0 0
49 0 0 0 0
50 0 0 0 0
51 0 0 0 0
52 0 0 0 0
53 0 0 0 0
54 90 24250 92 297160
55 0 0 0 0
56 0 0 0 0
57 0 0 0 0
58 0 0 0 0
59 4 208 8 416
60 0 0 0 0
61 646 4232910 510 46928
62 1070 10918662 700 84404
63 0 0 0 0
64 8 4138 8 9154
65 0 0 0 0
66 0 0 0 0
67 10 520 20 1040
68 0 0 0 0
69 18 3264 16 4788
70 0 0 0 0
71 0 0 0 0
72 0 0 0 0
73 0 0 0 0
74 4 208 8 416
75 0 0 0 0
76 0 0 0 0
77 0 0 0 0
78 4 292 0 0
79 0 0 0 0
80 4 612 0 0
81 0 0 0 0
82 0 0 0 0
83 8 1848 6 2198
84 0 0 0 0
85 0 0 0 0
86 0 0 0 0
87 12 4298 10 4476
88 2 104 4 208
89 16 6358 14 7094
90 0 0 0 0
91 4 288 0 0
92 4 1530 4 1876
93 0 0 0 0
94 2 104 4 208
95 0 0 0 0
96 0 0 0 0
97 2 104 4 208
98 0 0 0 0
99 0 0 0 0
100 0 0 0 0
101 0 0 0 0
102 0 0 0 0
103 0 0 0 0
104 0 0 0 0
105 0 0 0 0
106 0 0 0 0
107 148 59714 146 46436
108 26 27982 44 16830
109 28 77884 54 19994
110 24 68336 48 18360
111 26 72582 52 19890
112 36 79806 72 20930
113 22 44666 44 16830
114 180 128546 196 254410
115 232 94568 226 294550
116 136 54076 180 238036
117 6 1710 6 2140
118 0 0 0 0
119 1424 44598114 982 133660
120 1616 48848326 1066 59438
121 1660 53634928 1184 63824
122 1620 53499824 1162 63736
123 1706 51943334 1238 69398
124 1776 57826452 1228 66064
125 1138 37698788 848 47408
126 4 1612 2 1836
127 10 3972 6 6628
128 10 4242 6 10466
129 0 0 0 0
130 0 0 0 0
131 0 0 0 0
132 2 104 4 208
133 2 104 4 208
134 0 0 0 0
135 0 0 0 0
136 0 0 0 0
137 0 0 0 0
138 0 0 0 0
139 4 780 0 0
140 4 780 0 0
141 4 780 0 0
142 4 780 0 0
143 0 0 0 0
144 8 1548 6 1998
145 0 0 0 0
146 0 0 0 0
147 6 1728 6 2180
148 16 6370 14 9890
149 0 0 0 0
150 8 4138 8 10570
151 10 4350 2 5844
152 12 3706 12 5806
153 0 0 0 0
154 0 0 0 0
155 0 0 0 0
156 0 0 0 0
157 2 104 4 208
158 0 0 0 0
159 0 0 0 0
160 0 0 0 0
161 0 0 0 0
162 0 0 0 0
163 0 0 0 0
164 0 0 0 0
165 0 0 0 0
166 0 0 0 0
167 0 0 0 0
168 0 0 0 0
169 0 0 0 0
170 0 0 0 0
171 0 0 0 0
172 0 0 0 0
173 0 0 0 0
174 42224 2203160 42432 349645722
175 6 1710 6 2140
176 0 0 0 0
177 0 0 0 0
178 0 0 0 0
179 8 1832 8 2284
180 0 0 0 0
181 4 288 0 0
182 8 1754 6 1998
183 0 0 0 0
184 2 104 4 208
185 0 0 0 0
186 0 0 0 0
187 4 208 2 104
188 0 0 0 0
189 0 0 0 0
190 0 0 0 0
191 0 0 0 0
192 4 288 0 0
193 0 0 0 0
194 0 0 0 0
195 0 0 0 0
196 0 0 0 0
197 0 0 0 0
198 4 292 0 0
199 0 0 0 0
200 4 612 0 0
201 0 0 0 0
202 970 19945938 596 41536
203 6156 327853056 2464 130336
204 14 6068 12 10168
205 2 104 2 1836
206 2 104 2 1426
207 2 104 4 208
208 0 0 0 0
209 10 4310 10 8322
210 1050 51007080 328 25950
211 3884 75290180 2290 121264
212 7592 139670266 4502 235790
213 1204 36415636 790 43288
214 2 104 2 1426
215 2 104 2 1426
216 0 0 0 0
217 4 208 2 104
218 12 4398 10 12156
219 6 2076 8 2202
220 10 4242 12 10782
221 0 0 0 0
222 4 288 0 0
223 0 0 0 0
224 0 0 0 0
225 2 104 4 208
226 0 0 0 0
227 0 0 0 0
228 0 0 0 0
229 0 0 0 0
230 0 0 0 0
231 0 0 0 0
232 0 0 0 0
233 0 0 0 0
234 0 0 0 0
235 0 0 0 0
236 0 0 0 0
237 0 0 0 0
238 0 0 0 0
239 0 0 0 0
240 0 0 0 0
241 0 0 0 0
242 8 1754 6 1998
243 0 0 0 0
244 0 0 0 0
245 0 0 0 0
246 0 0 0 0
247 4 208 2 104
248 0 0 0 0
249 22 6082 18 20252
250 50 38374 42 6668
251 0 0 0 0
252 104 159890 116 32736
253 128 132778 214 66528
254 176 332552 274 78694
255 36 41326 64 20566
256 38 28100 66 20196
257 54 167786 78 17958
258 0 0 0 0
259 8 3132 6 1416
260 168 594764 152 14586
261 4 780 0 0
262 28 94864 32 6952
263 20 97740 24 3456
264 742 7267150 516 49402
265 1046 14851502 660 96598
266 176 245132 260 80392
267 38 18764 36 10908
268 0 0 0 0
269 0 0 0 0
270 0 0 0 0
271 0 0 0 0
272 20 2378 30 3246
273 0 0 0 0
274 100 38634 102 112012
275 156 61280 136 122348
276 162 63080 134 152154
277 170 65748 146 143444
278 144 50668 138 220392
279 132 49614 114 120096
280 142 141344 166 46432
281 66 39636 80 25544
282 4 288 0 0
283 0 0 0 0
284 6 3158 6 1238
285 2 104 2 1836
286 12 624 24 1248
287 8 4138 8 10568
288 0 0 0 0
289 0 0 0 0
290 0 0 0 0
291 0 0 0 0
292 2 104 4 208
293 0 0 0 0
294 0 0 0 0
295 0 0 0 0
296 0 0 0 0
297 0 0 0 0
298 0 0 0 0
299 0 0 0 0
300 0 0 0 0
301 0 0 0 0
302 8 1754 6 1998
303 0 0 0 0
304 0 0 0 0
305 0 0 0 0
306 0 0 0 0
307 4 208 2 104
308 0 0 0 0
309 0 0 0 0
310 0 0 0 0
311 0 0 0 0
312 4 288 0 0
313 0 0 0 0
314 0 0 0 0
315 0 0 0 0
316 0 0 0 0
317 0 0 0 0
318 4 292 0 0
319 22 7884 20 20560
320 4 612 0 0
321 0 0 0 0
322 0 0 0 0
323 1356 42019120 1022 56414
324 1760 54337040 1130 189762
325 1602 50448234 1066 127830
326 950 32071062 606 38402
327 10 6112 14 5260
328 21072 1100176 21486 179628938
329 8 2330 10 8322
330 0 0 0 0
331 2 104 4 208
332 10 1858 10 2206
333 4 1616 4 1940
334 2 104 4 208
335 0 0 0 0
336 0 0 0 0
337 0 0 0 0
338 2 104 4 208
339 8 1848 6 2198
340 0 0 0 0
341 0 0 0 0
342 4 288 0 0
343 0 0 0 0
344 2 104 4 208
345 12 4362 10 10690
346 2 2448 2 104
347 10 3680 10 8298
348 0 0 0 0
349 0 0 0 0
350 0 0 0 0
351 0 0 0 0
352 2 104 4 208
353 0 0 0 0
354 0 0 0 0
355 12 4322 10 4488
356 24 8588 20 9228
357 0 0 0 0
358 0 0 0 0
359 0 0 0 0
360 0 0 0 0
361 6 312 12 624
362 8 1754 6 1998
363 0 0 0 0
364 0 0 0 0
365 0 0 0 0
366 1190 43608554 436 26998
367 6256 277049818 1946 115568
368 6046 263875336 1524 94704
369 14 4584 12 6534
370 6 2798 6 4538
371 0 0 0 0
372 4 288 0 0
373 0 0 0 0
374 2 104 4 208
375 4 208 8 416
376 0 0 0 0
377 0 0 0 0
378 0 0 0 0
379 8 1068 0 0
380 4 780 0 0
381 4 780 0 0
382 4 780 0 0
383 0 0 0 0
384 16234 856224 24498 585072324
385 6 1710 6 2140
386 0 0 0 0
387 0 0 0 0
388 0 0 0 0
389 2 104 4 208
390 2 104 4 208
391 0 0 0 0
392 6 1650 4 224
393 2 104 2 1774
394 0 0 0 0
395 0 0 0 0
396 0 0 0 0
397 0 0 0 0
398 4 208 2 104
399 0 0 0 0
400 0 0 0 0
401 0 0 0 0
402 0 0 0 0
403 8 1848 6 2198
404 0 0 0 0
405 0 0 0 0
406 0 0 0 0
407 0 0 0 0
408 2 104 4 208
409 4 288 0 0
410 0 0 0 0
411 0 0 0 0
412 0 0 0 0
413 0 0 0 0
414 0 0 0 0
415 14 3790 10 2222
416 8 12412 8 9430
417 0 0 0 0
418 0 0 0 0
419 0 0 0 0
420 0 0 0 0
421 4 208 8 416
422 8 1754 6 1998
423 0 0 0 0
424 0 0 0 0
425 0 0 0 0
426 0 0 0 0
427 4 208 2 104
428 0 0 0 0
429 0 0 0 0
430 0 0 0 0
431 0 0 0 0
432 0 0 0 0
433 0 0 0 0
434 0 0 0 0
435 0 0 0 0
436 0 0 0 0
437 0 0 0 0
438 4 292 0 0
439 4 288 0 0
440 4 612 0 0
441 0 0 0 0
442 0 0 0 0
443 0 0 0 0
444 8 1548 6 1998
445 0 0 0 0
446 0 0 0 0
447 0 0 0 0
448 0 0 0 0
449 2 104 4 208
450 0 0 0 0
451 0 0 0 0
452 8 1754 6 1998
453 0 0 0 0
454 0 0 0 0
455 0 0 0 0
456 0 0 0 0
457 4 208 2 104
458 0 0 0 0
459 0 0 0 0
460 0 0 0 0
461 0 0 0 0
462 0 0 0 0
463 0 0 0 0
464 0 0 0 0
465 0 0 0 0
466 0 0 0 0
467 0 0 0 0
468 0 0 0 0
469 4 288 0 0
470 0 0 0 0
471 0 0 0 0
472 0 0 0 0
473 0 0 0 0
474 32 9904 28 39654
475 0 0 0 0
476 0 0 0 0
477 0 0 0 0
478 0 0 0 0
479 24 56706 26 10382
480 0 0 0 0
481 0 0 0 0
482 8 1754 6 1998
483 0 0 0 0
484 2 104 4 208
485 0 0 0 0
486 0 0 0 0
487 4 208 2 104
488 0 0 0 0
489 0 0 0 0
490 0 0 0 0
491 0 0 0 0
492 0 0 0 0
493 0 0 0 0
494 0 0 0 0
495 0 0 0 0
496 0 0 0 0
497 0 0 0 0
498 0 0 0 0
499 16 2916 6 2198
500 4 780 0 0
501 4 780 0 0
502 4 780 0 0
503 0 0 0 0
504 2 104 4 208
505 0 0 0 0
506 0 0 0 0
507 0 0 0 0
508 16 6352 14 9952
509 0 0 0 0
510 0 0 0 0
511 0 0 0 0
512 4 1530 4 1876
513 0 0 0 0
514 0 0 0 0
515 0 0 0 0
516 8 4138 8 10570
517 0 0 0 0
518 0 0 0 0
519 0 0 0 0
520 0 0 0 0
521 2 104 4 208
522 16 6352 14 9952
523 0 0 0 0
524 0 0 0 0
525 0 0 0 0
526 0 0 0 0
527 2 104 4 208
528 0 0 0 0
529 4 288 0 0
530 0 0 0 0
531 0 0 0 0
532 0 0 0 0
533 0 0 0 0
534 34 10008 30 39760
535 0 0 0 0
536 0 0 0 0
537 0 0 0 0
538 0 0 0 0
539 4 208 8 416
540 0 0 0 0
541 916 20051820 528 37418
542 886 45354826 306 18702
543 2 104 2 1426
544 0 0 0 0
545 10 4304 10 8322
546 5178 270809828 1952 117894
547 4 208 2 104
548 2 104 2 1426
549 0 0 0 0
550 0 0 0 0
551 0 0 0 0
552 0 0 0 0
553 2 104 4 208
554 24 8588 20 14936
555 0 0 0 0
556 0 0 0 0
557 0 0 0 0
558 4 292 0 0
559 10 2054 4 208
560 4 612 0 0
561 6 1732 6 2970
562 0 0 0 0
563 8 1848 6 2198
564 0 0 0 0
565 0 0 0 0
566 6 392 4 208
567 0 0 0 0
568 2 104 4 208
569 0 0 0 0
570 0 0 0 0
571 0 0 0 0
572 8 1754 6 1998
573 0 0 0 0
574 0 0 0 0
575 0 0 0 0
576 0 0 0 0
577 4 208 2 104
578 0 0 0 0
579 0 0 0 0
580 0 0 0 0
581 0 0 0 0
582 0 0 0 0
583 0 0 0 0
584 0 0 0 0
585 0 0 0 0
586 0 0 0 0
587 0 0 0 0
588 0 0 0 0
589 0 0 0 0
590 0 0 0 0
591 0 0 0 0
592 0 0 0 0
593 0 0 0 0
594 40 11692 36 27016
595 6 1728 6 2180
596 10 2514 6 8114
597 0 0 0 0
598 0 0 0 0
599 2 104 4 208
600 0 0 0 0
601 2 104 4 208
602 8 1754 6 1998
603 0 0 0 0
604 0 0 0 0
605 0 0 0 0
606 0 0 0 0
607 4 208 2 104
608 0 0 0 0
609 0 0 0 0
610 0 0 0 0
611 0 0 0 0
612 0 0 0 0
613 0 0 0 0
614 0 0 0 0
615 0 0 0 0
616 0 0 0 0
617 0 0 0 0
618 0 0 0 0
619 4 780 0 0
620 4 780 0 0
621 4 780 0 0
622 4 780 0 0
623 0 0 0 0
624 0 0 0 0
625 0 0 0 0
626 4 288 0 0
627 0 0 0 0
628 0 0 0 0
629 0 0 0 0
630 0 0 0 0
631 0 0 0 0
632 8 1754 6 1998
633 4 1628 4 1940
634 0 0 0 0
635 0 0 0 0
636 0 0 0 0
637 0 0 0 0
638 2 104 4 208
639 0 0 0 0
640 0 0 0 0
641 0 0 0 0
642 0 0 0 0
643 0 0 0 0
644 0 0 0 0
645 0 0 0 0
646 0 0 0 0
647 0 0 0 0
648 0 0 0 0
649 0 0 0 0
650 0 0 0 0
651 312 8060728 208 21668
652 0 0 0 0
653 0 0 0 0
654 0 0 0 0
655 0 0 0 0
656 8 496 8 416
657 0 0 0 0
658 0 0 0 0
659 12 4362 10 10694
660 20 7792 16 10330
661 0 0 0 0
662 4 1530 2 1772
663 0 0 0 0
664 0 0 0 0
665 2 104 4 208
666 0 0 0 0
667 2 104 4 208
668 0 0 0 0
669 0 0 0 0
670 0 0 0 0
671 264 6401038 176 25178
672 0 0 0 0
673 0 0 0 0
674 0 0 0 0
675 12 2966 10 13038
676 600 201198 488 1734002
677 0 0 0 0
678 4 292 0 0
679 0 0 0 0
680 4 612 0 0
681 12 624 24 1248
682 0 0 0 0
683 0 0 0 0
684 0 0 0 0
685 0 0 0 0
686 4 288 0 0
687 0 0 0 0
688 0 0 0 0
689 0 0 0 0
690 0 0 0 0
691 0 0 0 0
692 0 0 0 0
693 0 0 0 0
694 0 0 0 0
695 16 5792 14 11230
696 0 0 0 0
697 0 0 0 0
698 0 0 0 0
699 0 0 0 0
700 2 104 4 208
701 0 0 0 0
702 0 0 0 0
703 0 0 0 0
704 0 0 0 0
705 0 0 0 0
706 8 1754 6 1998
707 0 0 0 0
708 0 0 0 0
709 4 288 0 0
710 0 0 0 0
711 4 208 2 104
712 0 0 0 0
713 0 0 0 0
714 26 7684 22 19142
715 0 0 0 0
716 1176 34602250 900 48984
717 1220 40620166 866 48344
718 18 5958 16 7064
719 4 208 8 416
720 0 0 0 0
721 12 6128 10 9726
722 16 8122 16 13268
723 10 1952 8 2302
724 0 0 0 0
725 0 0 0 0
726 0 0 0 0
727 4 208 8 416
728 2 104 4 208
729 0 0 0 0
730 0 0 0 0
731 0 0 0 0
732 0 0 0 0
733 0 0 0 0
734 0 0 0 0
735 0 0 0 0
736 8 1754 6 1998
737 0 0 0 0
738 0 0 0 0
739 8 1068 0 0
740 4 780 0 0
741 8 988 2 104
742 4 780 0 0
743 9668 10127354 9810 75642808
744 1068 13185952 782 98976
745 1310 18912636 724 105310
746 896 14688438 500 84360
747 102 577290 44 12048
748 0 0 0 0
749 0 0 0 0
750 0 0 0 0
751 64 21058 74 109006
752 36 3770 44 198428
753 0 0 0 0
754 0 0 0 0
755 6 1728 6 2180
756 0 0 0 0
757 0 0 0 0
758 0 0 0 0
759 0 0 0 0
760 2 104 4 208
761 0 0 0 0
762 0 0 0 0
763 0 0 0 0
764 0 0 0 0
765 0 0 0 0
766 16 4508 14 14946
767 596 201492 462 1732096
768 4 208 6 3880
769 4 288 0 0
770 16 6990 14 12936
771 0 0 0 0
772 6 312 12 624
773 2 104 4 208
774 0 0 0 0
775 4 208 8 416
776 0 0 0 0
777 0 0 0 0
778 0 0 0 0
779 0 0 0 0
780 0 0 0 0
781 0 0 0 0
782 0 0 0 0
783 0 0 0 0
784 0 0 0 0
785 0 0 0 0
786 24 8016 20 11924
787 0 0 0 0
788 0 0 0 0
789 48 19826 40 9408
790 66 56202 74 39056
791 16 68298 32 12240
792 30 129750 48 18384
793 18 80468 34 12344
794 24 175818 24 7858
795 118 2385662 130 18682
796 6 1716 4 1940
797 4 1530 4 1876
798 4 292 0 0
799 4 288 0 0
800 4 612 0 0
801 0 0 0 0
802 2 104 4 208
803 0 0 0 0
804 156 54430 152 158430
805 438 69820 452 2481050
806 42 11714 30 3484
807 106 64228 140 56694
808 74 81300 146 73880
809 60 56524 82 31400
810 22 10860 32 5630
811 30 192628 32 5654
812 12 17428 12 4590
813 12 12890 12 4590
814 30 67952 38 7264
815 8 22442 8 3060
816 26 62002 26 9284
817 52 92648 54 21316
818 50 79604 50 18464
819 50 91054 46 16176
820 46 32122 46 16934
821 46 40664 46 18256
822 52 50010 52 19890
823 42 45066 42 15404
824 42 49276 44 15508
825 36 28772 36 13770
826 48 51946 48 18360
827 46 93680 48 17382
828 102 1112350 100 18400
829 60 49124 58 18740
830 24 79890 42 15404
831 22 119038 34 12368
832 24 49520 48 18360
833 20 103048 40 15300
834 24 69996 48 18360
835 24 61896 50 19786
836 28 90226 54 19994
837 18 76060 36 13770
838 18 85078 34 13650
839 36 120736 50 15764
840 26 163400 50 18464
841 20 77068 40 15300
842 24 126600 44 16830
843 22 92862 44 16830
844 16 72246 32 12240
845 18 34722 38 15196
846 22 51462 44 16830
847 22 74270 44 16828
848 30 71382 48 15646
849 24 38452 40 15300
850 22 38422 44 16830
851 20 34716 40 15300
852 22 42146 44 16830
853 20 34722 42 16726
854 24 37338 42 15404
855 20 33654 40 15300
856 20 34700 40 15300
857 28 29002 38 14238
858 26 36152 40 15300
859 28 36432 40 15300
860 26 37024 40 15300
861 20 20514 26 11016
862 6 884 4 208
863 0 0 0 0
864 150 50814 146 322250
865 152 56550 124 253944
866 158 56124 154 403382
867 770 251998 648 1955310
868 192 62584 244 667414
869 154 52322 166 198572
870 58 19488 64 81634
871 88 21396 92 268470
872 52 19568 76 47642
873 54 19416 74 98024
874 72 23404 82 94550
875 60 20720 68 98020
876 62 22990 76 107546
877 156 49928 168 263980
878 126 59824 192 198168
879 120 72828 230 165948
880 160 83158 268 232700
881 160 67264 228 201230
882 6 1710 6 2140
883 6 1728 6 2180
884 0 0 0 0
885 0 0 0 0
886 10 520 20 1040
887 0 0 0 0
888 6 392 4 208
889 0 0 0 0
890 0 0 0 0
891 0 0 0 0
892 0 0 0 0
893 0 0 0 0
894 0 0 0 0
895 0 0 0 0
896 0 0 0 0
897 8 1754 6 1998
898 0 0 0 0
899 0 0 0 0
900 0 0 0 0
901 0 0 0 0
902 4 208 2 104
903 0 0 0 0
904 0 0 0 0
905 0 0 0 0
906 0 0 0 0
907 0 0 0 0
908 0 0 0 0
909 0 0 0 0
910 0 0 0 0
911 0 0 0 0
912 0 0 0 0
913 0 0 0 0
914 0 0 0 0
915 0 0 0 0
916 0 0 0 0
917 0 0 0 0
918 8 580 0 0
919 0 0 0 0
920 4 612 0 0
921 0 0 0 0
922 0 0 0 0
923 0 0 0 0
924 10 1934 8 2262
925 0 0 0 0
926 0 0 0 0
927 8 1754 6 1998
928 0 0 0 0
929 2 104 4 208
930 60 17092 54 21720
931 126 56444 186 51396
932 14 728 8 3194
933 0 0 0 0
934 0 0 0 0
935 0 0 0 0
936 6 312 12 624
937 6 312 12 624
938 0 0 0 0
939 0 0 0 0
940 0 0 0 0
941 0 0 0 0
942 0 0 0 0
943 0 0 0 0
944 48 15814 44 83226
945 0 0 0 0
946 0 0 0 0
947 6 1728 6 2180
948 4 288 0 0
949 0 0 0 0
950 0 0 0 0
951 0 0 0 0
952 2 104 4 208
953 0 0 0 0
954 0 0 0 0
955 0 0 0 0
956 0 0 0 0
957 8 1754 6 1998
958 0 0 0 0
959 0 0 0 0
960 0 0 0 0
961 0 0 0 0
962 4 208 2 104
963 0 0 0 0
964 0 0 0 0
965 0 0 0 0
966 0 0 0 0
967 0 0 0 0
968 0 0 0 0
969 0 0 0 0
970 0 0 0 0
971 0 0 0 0
972 0 0 0 0
973 0 0 0 0
974 0 0 0 0
975 0 0 0 0
976 0 0 0 0
977 0 0 0 0
978 4 288 0 0
979 4 780 0 0
980 4 780 0 0
981 4 780 0 0
982 4 780 0 0
983 0 0 0 0
984 40 11436 36 55594
985 0 0 0 0
986 0 0 0 0
987 8 1754 6 1998
988 0 0 0 0
989 4 208 8 416
990 0 0 0 0
991 0 0 0 0
992 4 208 2 104
993 0 0 0 0
994 0 0 0 0
995 0 0 0 0
996 0 0 0 0
997 0 0 0 0
998 0 0 0 0
999 0 0 0 0
1000 0 0 0 0
1001 0 0 0 0
1002 0 0 0 0
1003 0 0 0 0
1004 0 0 0 0
1005 0 0 0 0
1006 0 0 0 0
1007 0 0 0 0
1008 4 288 0 0
1009 0 0 0 0
1010 0 0 0 0
1011 8 1848 6 2198
1012 0 0 0 0
1013 0 0 0 0
1014 0 0 0 0
1015 0 0 0 0
1016 2 104 4 208
1017 8 1754 6 1998
1018 0 0 0 0
1019 0 0 0 0
1020 0 0 0 0
1021 0 0 0 0
1022 4 208 2 104
1023 0 0 0 0
1024 0 0 0 0
1025 0 0 0 0
1026 0 0 0 0
1027 0 0 0 0
1028 0 0 0 0
1029 0 0 0 0
1030 0 0 0 0
1031 0 0 0 0
1032 0 0 0 0
1033 0 0 0 0
1034 0 0 0 0
1035 0 0 0 0
1036 0 0 0 0
1037 0 0 0 0
1038 8 580 0 0
1039 0 0 0 0
1040 4 612 0 0
1041 0 0 0 0
1042 0 0 0 0
1043 0 0 0 0
1044 38 10222 34 52900
1045 0 0 0 0
1046 0 0 0 0
1047 8 1754 6 1998
1048 0 0 0 0
1049 4 208 8 416
1050 0 0 0 0
1051 0 0 0 0
1052 4 208 2 104
1053 0 0 0 0
1054 0 0 0 0
1055 0 0 0 0
1056 0 0 0 0
1057 0 0 0 0
1058 0 0 0 0
1059 0 0 0 0
1060 4 288 0 0
1061 0 0 0 0
1062 0 0 0 0
1063 0 0 0 0
1064 0 0 0 0
1065 0 0 0 0
1066 0 0 0 0
1067 0 0 0 0
1068 0 0 0 0
1069 0 0 0 0
1070 0 0 0 0
1071 0 0 0 0
1072 0 0 0 0
1073 0 0 0 0
1074 16 3894 12 2326
1075 2562 39247126 1742 147622
1076 140 6570442 30 5090
1077 8 1754 6 1998
1078 0 0 0 0
1079 0 0 0 0
1080 10 520 20 1040
1081 2 104 4 208
1082 4 208 2 104
1083 0 0 0 0
1084 0 0 0 0
1085 0 0 0 0
1086 24 7438 20 13284
1087 20 7764 16 23256
1088 0 0 0 0
1089 8 4138 8 11968
1090 16 6416 12 9830
1091 2 104 4 208
1092 0 0 0 0
1093 0 0 0 0
1094 0 0 0 0
1095 2 104 4 208
1096 28 7344 22 11430
1097 16 8122 16 14694
1098 0 0 0 0
1099 4 780 0 0
1100 4 780 0 0
1101 14 4040 12 3282
1102 6 884 4 208
1103 8 4138 8 11968
1104 0 0 0 0
1105 0 0 0 0
1106 0 0 0 0
1107 4 1530 4 1876
1108 0 0 0 0
1109 0 0 0 0
1110 0 0 0 0
1111 0 0 0 0
1112 2 104 4 208
1113 0 0 0 0
1114 0 0 0 0
1115 0 0 0 0
1116 0 0 0 0
1117 0 0 0 0
1118 0 0 0 0
1119 0 0 0 0
1120 4 288 0 0
1121 0 0 0 0
1122 0 0 0 0
1123 0 0 0 0
1124 0 0 0 0
1125 0 0 0 0
1126 0 0 0 0
1127 0 0 0 0
1128 0 0 0 0
1129 0 0 0 0
1130 0 0 0 0
1131 0 0 0 0
1132 0 0 0 0
1133 0 0 0 0
1134 78 25002 70 111732
1135 0 0 0 0
1136 20 6702 20 21198
1137 8 1754 6 1998
1138 0 0 0 0
1139 8 1832 10 2388
1140 0 0 0 0
1141 0 0 0 0
1142 2 104 4 208
1143 0 0 0 0
1144 2 104 4 208
1145 0 0 0 0
1146 0 0 0 0
1147 0 0 0 0
1148 0 0 0 0
1149 0 0 0 0
1150 4 288 0 0
1151 0 0 0 0
1152 0 0 0 0
1153 0 0 0 0
1154 0 0 0 0
1155 0 0 0 0
1156 0 0 0 0
1157 0 0 0 0
1158 4 292 0 0
1159 0 0 0 0
1160 4 612 0 0
1161 0 0 0 0
1162 0 0 0 0
1163 0 0 0 0
1164 0 0 0 0
1165 0 0 0 0
1166 0 0 0 0
1167 8 1754 6 1998
1168 4 1598 4 1940
1169 0 0 0 0
1170 0 0 0 0
1171 0 0 0 0
1172 0 0 0 0
1173 4 208 2 104
1174 0 0 0 0
1175 0 0 0 0
1176 0 0 0 0
1177 0 0 0 0
1178 0 0 0 0
1179 0 0 0 0
1180 4 288 0 0
1181 0 0 0 0
1182 0 0 0 0
1183 0 0 0 0
1184 0 0 0 0
1185 0 0 0 0
1186 0 0 0 0
1187 0 0 0 0
1188 0 0 0 0
1189 0 0 0 0
1190 0 0 0 0
1191 0 0 0 0
1192 0 0 0 0
1193 0 0 0 0
1194 8 1830 6 2158
1195 0 0 0 0
1196 0 0 0 0
1197 8 1754 6 1998
1198 0 0 0 0
1199 2 104 4 208
1200 0 0 0 0
1201 0 0 0 0
1202 4 208 2 104
1203 10 1952 8 2302
1204 0 0 0 0
1205 0 0 0 0
1206 0 0 0 0
1207 0 0 0 0
1208 2 104 4 208
1209 0 0 0 0
1210 4 288 0 0
1211 0 0 0 0
1212 0 0 0 0
1213 0 0 0 0
1214 0 0 0 0
1215 0 0 0 0
1216 0 0 0 0
1217 0 0 0 0
1218 0 0 0 0
1219 4 780 0 0
1220 4 780 0 0
1221 4 780 0 0
1222 4 780 0 0
1223 0 0 0 0
1224 8 1830 6 2158
1225 0 0 0 0
1226 0 0 0 0
1227 8 1754 6 1998
1228 0 0 0 0
1229 2 104 4 208
1230 0 0 0 0
1231 0 0 0 0
1232 10 1962 4 224
1233 1646 50093602 1186 64944
1234 1654 54945196 1152 63216
1235 1604 52713952 978 54950
1236 532 18119850 326 20910
1237 6 2696 6 4448
1238 4 288 0 0
1239 12 37040 12 4736
1240 6 1702 8 2148
1241 0 0 0 0
1242 2 104 4 208
1243 0 0 0 0
1244 0 0 0 0
1245 2 104 4 208
1246 0 0 0 0
1247 0 0 0 0
1248 0 0 0 0
1249 0 0 0 0
1250 0 0 0 0
1251 0 0 0 0
1252 0 0 0 0
1253 0 0 0 0
1254 21108 1105646 21370 176733186
1255 0 0 0 0
1256 0 0 0 0
1257 8 1754 6 1998
1258 0 0 0 0
1259 4 208 8 416
1260 0 0 0 0
1261 0 0 0 0
1262 4 208 2 104
1263 0 0 0 0
1264 0 0 0 0
1265 0 0 0 0
1266 0 0 0 0
1267 10 1952 8 2302
1268 4 288 0 0
1269 0 0 0 0
1270 0 0 0 0
1271 0 0 0 0
1272 2 104 4 208
1273 0 0 0 0
1274 0 0 0 0
1275 0 0 0 0
1276 0 0 0 0
1277 0 0 0 0
1278 4 292 0 0
1279 0 0 0 0
1280 4 612 0 0
1281 0 0 0 0
1282 0 0 0 0
1283 0 0 0 0
1284 0 0 0 0
1285 0 0 0 0
1286 0 0 0 0
1287 8 1754 6 1998
1288 0 0 0 0
1289 0 0 0 0
1290 0 0 0 0
1291 0 0 0 0
1292 4 208 2 104
1293 0 0 0 0
1294 0 0 0 0
1295 0 0 0 0
1296 0 0 0 0
1297 0 0 0 0
1298 4 288 0 0
1299 0 0 0 0
1300 0 0 0 0
1301 32 7994 26 18398
1302 0 0 0 0
1303 0 0 0 0
1304 0 0 0 0
1305 0 0 0 0
1306 6 312 12 624
1307 0 0 0 0
1308 0 0 0 0
1309 0 0 0 0
1310 0 0 0 0
1311 0 0 0 0
1312 0 0 0 0
1313 0 0 0 0
1314 0 0 0 0
1315 0 0 0 0
1316 0 0 0 0
1317 8 1754 6 1998
1318 0 0 0 0
1319 0 0 0 0
1320 0 0 0 0
1321 0 0 0 0
1322 4 208 2 104
1323 0 0 0 0
1324 0 0 0 0
1325 0 0 0 0
1326 0 0 0 0
1327 0 0 0 0
1328 4 288 0 0
1329 0 0 0 0
1330 0 0 0 0
1331 0 0 0 0
1332 0 0 0 0
1333 0 0 0 0
1334 0 0 0 0
1335 0 0 0 0
1336 0 0 0 0
1337 30 7606 26 41668
1338 0 0 0 0
1339 4 780 0 0
1340 4 780 0 0
1341 4 780 0 0
1342 8 988 8 416
1343 0 0 0 0
1344 0 0 0 0
1345 0 0 0 0
1346 0 0 0 0
1347 8 1754 6 1998
1348 0 0 0 0
1349 0 0 0 0
1350 0 0 0 0
1351 0 0 0 0
1352 4 208 2 104
1353 0 0 0 0
1354 0 0 0 0
1355 0 0 0 0
1356 0 0 0 0
1357 0 0 0 0
1358 4 288 0 0
1359 0 0 0 0
1360 0 0 0 0
1361 0 0 0 0
1362 0 0 0 0
1363 0 0 0 0
1364 0 0 0 0
1365 0 0 0 0
1366 0 0 0 0
1367 0 0 0 0
1368 0 0 0 0
1369 0 0 0 0
1370 0 0 0 0
1371 0 0 0 0
1372 0 0 0 0
1373 0 0 0 0
1374 32 9884 28 26040
1375 0 0 0 0
1376 0 0 0 0
1377 8 1754 6 1998
1378 0 0 0 0
1379 4 208 8 416
1380 0 0 0 0
1381 0 0 0 0
1382 4 208 2 104
1383 0 0 0 0
1384 0 0 0 0
1385 0 0 0 0
1386 0 0 0 0
1387 0 0 0 0
1388 4 288 0 0
1389 0 0 0 0
1390 0 0 0 0
1391 0 0 0 0
1392 0 0 0 0
1393 0 0 0 0
1394 0 0 0 0
1395 8 1848 6 2198
1396 0 0 0 0
1397 0 0 0 0
1398 4 292 0 0
1399 0 0 0 0
1400 6 716 4 208
1401 4 288 0 0
1402 0 0 0 0
1403 0 0 0 0
1404 0 0 0 0
1405 0 0 0 0
1406 0 0 0 0
1407 8 1754 6 1998
1408 0 0 0 0
1409 0 0 0 0
1410 0 0 0 0
1411 0 0 0 0
1412 4 208 2 104
1413 54 226994 36 17160
1414 5772 270620620 2510 133856
1415 0 0 0 0
1416 2 104 2 1426
1417 0 0 0 0
1418 2 104 4 208
1419 508 21527598 160 33062
1420 4968 262554928 1864 99136
1421 0 0 0 0
1422 2 104 2 1426
1423 0 0 0 0
1424 0 0 0 0
1425 0 0 0 0
1426 0 0 0 0
1427 2 104 4 208
1428 0 0 0 0
1429 0 0 0 0
1430 0 0 0 0
1431 4 288 0 0
1432 0 0 0 0
1433 0 0 0 0
1434 0 0 0 0
1435 0 0 0 0
1436 0 0 0 0
1437 8 1754 6 1998
1438 0 0 0 0
1439 0 0 0 0
1440 0 0 0 0
1441 0 0 0 0
1442 4 208 2 104
1443 0 0 0 0
1444 0 0 0 0
1445 0 0 0 0
1446 0 0 0 0
1447 0 0 0 0
1448 0 0 0 0
1449 0 0 0 0
1450 0 0 0 0
1451 0 0 0 0
1452 0 0 0 0
1453 0 0 0 0
1454 0 0 0 0
1455 0 0 0 0
1456 0 0 0 0
1457 0 0 0 0
1458 0 0 0 0
1459 4 780 0 0
1460 4 780 0 0
1461 8 1068 0 0
1462 4 780 0 0
1463 0 0 0 0
1464 34 9988 30 29230
1465 0 0 0 0
1466 0 0 0 0
1467 8 1754 6 1998
1468 4 1598 4 1940
1469 4 208 8 416
1470 0 0 0 0
1471 0 0 0 0
1472 0 0 0 0
1473 2 104 4 208
1474 0 0 0 0
1475 0 0 0 0
1476 0 0 0 0
1477 0 0 0 0
1478 0 0 0 0
1479 0 0 0 0
1480 0 0 0 0
1481 0 0 0 0
1482 0 0 0 0
1483 0 0 0 0
1484 0 0 0 0
1485 0 0 0 0
1486 0 0 0 0
1487 0 0 0 0
1488 0 0 0 0
1489 0 0 0 0
1490 0 0 0 0
1491 12 2136 6 2198
1492 0 0 0 0
1493 0 0 0 0
1494 0 0 0 0
1495 0 0 0 0
1496 2 104 4 208
1497 8 1754 6 1998
1498 92 27844 90 35652
1499 0 0 0 0
1500 0 0 0 0
1501 0 0 0 0
1502 4 208 2 104
1503 10 520 20 1040
1504 0 0 0 0
1505 0 0 0 0
1506 0 0 0 0
1507 0 0 0 0
1508 0 0 0 0
1509 0 0 0 0
1510 0 0 0 0
1511 0 0 0 0
1512 0 0 0 0
1513 0 0 0 0
1514 0 0 0 0
1515 0 0 0 0
1516 0 0 0 0
1517 0 0 0 0
1518 4 292 0 0
1519 44 12894 38 53046
1520 568 14122642 346 19054
1521 1610 55563554 972 54074
1522 0 0 0 0
1523 0 0 0 0
1524 2 104 4 208
1525 0 0 0 0
1526 2 104 4 208
1527 8 1754 6 1998
1528 0 0 0 0
1529 0 0 0 0
1530 0 0 0 0
1531 0 0 0 0
1532 4 208 2 104
1533 0 0 0 0
1534 0 0 0 0
1535 0 0 0 0
1536 0 0 0 0
1537 0 0 0 0
1538 0 0 0 0
1539 12 3374 10 3196
1540 0 0 0 0
1541 0 0 0 0
1542 0 0 0 0
1543 0 0 0 0
1544 2 104 4 208
1545 0 0 0 0
1546 0 0 0 0
1547 0 0 0 0
1548 0 0 0 0
1549 0 0 0 0
1550 0 0 0 0
1551 4 288 0 0
1552 0 0 0 0
1553 0 0 0 0
1554 26 7210 22 19086
1555 6 1728 6 2180
1556 6 2226 6 12894
1557 8 1754 6 1998
1558 0 0 0 0
1559 2 104 4 208
1560 0 0 0 0
1561 2 104 4 208
1562 4 208 2 104
1563 0 0 0 0
1564 0 0 0 0
1565 0 0 0 0
1566 0 0 0 0
1567 0 0 0 0
1568 0 0 0 0
1569 0 0 0 0
1570 0 0 0 0
1571 0 0 0 0
1572 0 0 0 0
1573 0 0 0 0
1574 22 5282 18 16148
1575 0 0 0 0
1576 0 0 0 0
1577 0 0 0 0
1578 0 0 0 0
1579 8 988 8 416
1580 4 780 0 0
1581 8 1068 0 0
1582 4 780 0 0
1583 0 0 0 0
1584 0 0 0 0
1585 0 0 0 0
1586 0 0 0 0
1587 8 1754 6 1998
1588 0 0 0 0
1589 4 288 0 0
1590 0 0 0 0
1591 0 0 0 0
1592 4 208 2 104
1593 0 0 0 0
1594 0 0 0 0
1595 0 0 0 0
1596 0 0 0 0
1597 0 0 0 0
1598 0 0 0 0
1599 0 0 0 0
1600 0 0 0 0
1601 0 0 0 0
1602 0 0 0 0
1603 0 0 0 0
1604 0 0 0 0
1605 0 0 0 0
1606 0 0 0 0
1607 0 0 0 0
1608 0 0 0 0
1609 0 0 0 0
1610 0 0 0 0
1611 0 0 0 0
1612 24 6802 20 23172
1613 0 0 0 0
1614 32 9872 28 28328
1615 0 0 0 0
1616 0 0 0 0
1617 44 20678 40 13976
1618 28 182200 28 9798
1619 12 2120 10 2388
1620 0 0 0 0
1621 0 0 0 0
1622 8 416 16 832
1623 2 104 4 208
1624 2 104 4 208
1625 0 0 0 0
1626 0 0 0 0
1627 0 0 0 0
1628 0 0 0 0
1629 0 0 0 0
1630 0 0 0 0
1631 0 0 0 0
1632 0 0 0 0
1633 0 0 0 0
1634 0 0 0 0
1635 0 0 0 0
1636 0 0 0 0
1637 0 0 0 0
1638 4 292 0 0
1639 0 0 0 0
1640 4 612 0 0
1641 0 0 0 0
1642 0 0 0 0
1643 0 0 0 0
1644 8 1548 6 1998
1645 0 0 0 0
1646 0 0 0 0
1647 8 1754 6 1998
1648 0 0 0 0
1649 6 392 4 208
1650 0 0 0 0
1651 0 0 0 0
1652 4 208 2 104
1653 0 0 0 0
1654 0 0 0 0
1655 0 0 0 0
1656 0 0 0 0
1657 0 0 0 0
1658 0 0 0 0
1659 0 0 0 0
1660 0 0 0 0
1661 0 0 0 0
1662 0 0 0 0
1663 0 0 0 0
1664 0 0 0 0
1665 0 0 0 0
1666 0 0 0 0
1667 0 0 0 0
1668 0 0 0 0
1669 0 0 0 0
1670 0 0 0 0
1671 0 0 0 0
1672 0 0 0 0
1673 0 0 0 0
1674 120 29476 112 253924
1675 0 0 0 0
1676 0 0 0 0
1677 16 4876 14 5446
1678 0 0 0 0
1679 24 5050 32 15996
1680 0 0 0 0
1681 0 0 0 0
1682 0 0 0 0
1683 8 1848 6 2198
1684 2 104 4 208
1685 0 0 0 0
1686 0 0 0 0
1687 0 0 0 0
1688 2 104 4 208
1689 0 0 0 0
1690 0 0 0 0
1691 0 0 0 0
1692 0 0 0 0
1693 0 0 0 0
1694 0 0 0 0
1695 0 0 0 0
1696 0 0 0 0
1697 0 0 0 0
1698 0 0 0 0
1699 4 780 0 0
1700 4 780 0 0
1701 4 780 0 0
1702 4 780 0 0
1703 0 0 0 0
1704 0 0 0 0
1705 0 0 0 0
1706 0 0 0 0
1707 8 1754 6 1998
1708 0 0 0 0
1709 4 288 0 0
1710 0 0 0 0
1711 22 5296 18 16326
1712 2 104 4 208
1713 0 0 0 0
1714 0 0 0 0
1715 0 0 0 0
1716 4 208 8 416
1717 0 0 0 0
1718 0 0 0 0
1719 0 0 0 0
1720 0 0 0 0
1721 0 0 0 0
1722 0 0 0 0
1723 1116 14481176 686 54680
1724 0 0 0 0
1725 0 0 0 0
1726 0 0 0 0
1727 0 0 0 0
1728 4 208 8 416
1729 0 0 0 0
1730 0 0 0 0
1731 0 0 0 0
1732 0 0 0 0
1733 0 0 0 0
1734 0 0 0 0
1735 0 0 0 0
1736 0 0 0 0
1737 8 1754 6 1998
1738 0 0 0 0
1739 4 288 0 0
1740 0 0 0 0
1741 0 0 0 0
1742 2 104 4 208
1743 0 0 0 0
1744 0 0 0 0
1745 0 0 0 0
1746 0 0 0 0
1747 0 0 0 0
1748 0 0 0 0
1749 0 0 0 0
1750 0 0 0 0
1751 0 0 0 0
1752 0 0 0 0
1753 0 0 0 0
1754 0 0 0 0
1755 0 0 0 0
1756 0 0 0 0
1757 0 0 0 0
1758 4 292 0 0
1759 0 0 0 0
1760 4 612 0 0
1761 0 0 0 0
1762 0 0 0 0
1763 0 0 0 0
1764 26 7680 22 23968
1765 0 0 0 0
1766 0 0 0 0
1767 8 1754 6 1998
1768 548 171406 516 1719082
1769 76 27520 68 38274
1770 0 0 0 0
1771 12 6122 12 9696
1772 12 4346 12 16362
1773 0 0 0 0
1774 10 520 20 1040
1775 0 0 0 0
1776 0 0 0 0
1777 2 104 4 208
1778 0 0 0 0
1779 8 1848 6 2198
1780 0 0 0 0
1781 0 0 0 0
1782 0 0 0 0
1783 16 6346 14 9818
1784 2 104 4 208
1785 0 0 0 0
1786 8 3162 8 3074
1787 0 0 0 0
1788 0 0 0 0
1789 0 0 0 0
1790 0 0 0 0
1791 2 104 4 208
1792 0 0 0 0
1793 0 0 0 0
1794 0 0 0 0
1795 0 0 0 0
1796 0 0 0 0
1797 0 0 0 0
1798 0 0 0 0
1799 12 2042 6 1998
1800 0 0 0 0
1801 0 0 0 0
1802 0 0 0 0
1803 0 0 0 0
1804 4 208 2 104
1805 0 0 0 0
1806 0 0 0 0
1807 0 0 0 0
1808 0 0 0 0
1809 0 0 0 0
1810 0 0 0 0
1811 0 0 0 0
1812 0 0 0 0
1813 0 0 0 0
1814 0 0 0 0
1815 0 0 0 0
1816 0 0 0 0
1817 0 0 0 0
1818 0 0 0 0
1819 4 780 0 0
1820 4 780 0 0
1821 4 780 0 0
1822 4 780 0 0
1823 0 0 0 0
1824 32 9390 28 24622
1825 0 0 0 0
1826 6 2226 6 14092
1827 0 0 0 0
1828 0 0 0 0
1829 14 2146 10 2206
1830 0 0 0 0
1831 2 104 4 208
1832 0 0 0 0
1833 0 0 0 0
