0 3 156 3 156
1 0 0 0 0
2 0 0 0 0
3 0 0 0 0
4 14 2860 14 2860
5 52 20577 52 20577
6 167 122296 167 122296
7 163 91836 163 91836
8 63 102786 63 102786
9 66 67316 66 67316
10 48 18607 48 18607
11 42 17088 42 17088
12 52 27367 52 27367
13 54 18916 54 18916
14 70 95289 70 95289
15 643 5783791 643 5783791
16 431 4330041 431 4330041
17 272 1540538 272 1540538
18 59 23906 59 23906
19 64 29716 64 29716
20 70 39768 70 39768
21 56 28444 56 28444
22 66 25390 66 25390
23 64 24218 64 24218
24 56 18983 56 18983
25 189 73439 189 73439
26 134 57386 134 57386
27 6 1958 6 1958
28 0 0 0 0
29 0 0 0 0
30 0 0 0 0
31 15 780 15 780
32 3 156 3 156
33 0 0 0 0
34 0 0 0 0
35 0 0 0 0
36 0 0 0 0
37 0 0 0 0
38 7 1777 7 1777
39 109 89902 109 89902
40 141 97921 141 97921
41 140 109547 140 109547
42 458 414902 458 414902
43 146 160143 146 160143
44 158 117037 158 117037
45 165 122671 165 122671
46 159 104947 159 104947
47 75 55661 75 55661
48 342 159811 342 159811
49 0 0 0 0
50 0 0 0 0
51 12 8706 12 8706
52 22 14036 22 14036
53 36 28024 36 28024
54 8 6719 8 6719
55 8 3771 8 3771
56 0 0 0 0
57 3 156 3 156
58 0 0 0 0
59 0 0 0 0
60 10 3985 10 3985
61 2 774 2 774
62 6 2349 6 2349
63 0 0 0 0
64 0 0 0 0
65 11 10258 11 10258
66 0 0 0 0
67 0 0 0 0
68 0 0 0 0
69 0 0 0 0
70 3 156 3 156
71 0 0 0 0
72 0 0 0 0
73 0 0 0 0
74 0 0 0 0
75 0 0 0 0
76 0 0 0 0
77 8 708 8 708
78 7 1880 7 1880
79 0 0 0 0
80 39 38492 39 38492
81 0 0 0 0
82 0 0 0 0
83 0 0 0 0
84 0 0 0 0
85 14 10414 14 10414
86 0 0 0 0
87 12 7281 12 7281
88 0 0 0 0
89 0 0 0 0
90 0 0 0 0
91 0 0 0 0
92 6 312 6 312
93 0 0 0 0
94 11 2768 11 2768
95 25 24697 25 24697
96 10 2359 10 2359
97 28 24165 28 24165
98 0 0 0 0
99 0 0 0 0
100 2 247 2 247
101 24 23811 24 23811
102 527 4164285 527 4164285
103 486 6362156 486 6362156
104 0 0 0 0
105 0 0 0 0
106 0 0 0 0
107 0 0 0 0
108 25 2816 25 2816
109 0 0 0 0
110 8 7862 8 7862
111 470 960301 470 960301
112 8 2963 8 2963
113 4 1073 4 1073
114 23 51512 23 51512
115 64 45314 64 45314
116 64 45553 64 45553
117 34 35306 34 35306
118 23 18796 23 18796
119 17 14225 17 14225
120 8 8876 8 8876
121 4 5381 4 5381
122 7 1092 7 1092
123 2 1039 2 1039
124 8 10105 8 10105
125 20 5587 20 5587
126 3 156 3 156
127 29 16097 29 16097
128 7 8394 7 8394
129 11 5718 11 5718
130 0 0 0 0
131 0 0 0 0
132 6 312 6 312
133 12 10748 12 10748
134 12 10338 12 10338
135 0 0 0 0
136 0 0 0 0
137 0 0 0 0
138 0 0 0 0
139 8 551 8 551
140 0 0 0 0
141 7 1880 7 1880
142 0 0 0 0
143 0 0 0 0
144 0 0 0 0
145 0 0 0 0
146 3 156 3 156
147 7 1777 7 1777
148 44 78792 44 78792
149 0 0 0 0
150 0 0 0 0
151 0 0 0 0
152 38 34560 38 34560
153 0 0 0 0
154 0 0 0 0
155 0 0 0 0
156 38 33983 38 33983
157 0 0 0 0
158 0 0 0 0
159 0 0 0 0
160 0 0 0 0
161 3 156 3 156
162 0 0 0 0
163 0 0 0 0
164 0 0 0 0
165 0 0 0 0
166 0 0 0 0
167 0 0 0 0
168 0 0 0 0
169 0 0 0 0
170 0 0 0 0
171 7 1880 7 1880
172 0 0 0 0
173 0 0 0 0
174 0 0 0 0
175 0 0 0 0
176 3 156 3 156
177 0 0 0 0
178 0 0 0 0
179 0 0 0 0
180 7 1777 7 1777
181 346 2336340 346 2336340
182 510 5297885 510 5297885
183 0 0 0 0
184 0 0 0 0
185 0 0 0 0
186 0 0 0 0
187 15 780 15 780
188 0 0 0 0
189 0 0 0 0
190 192 1153179 192 1153179
191 610 5352909 610 5352909
192 107 1163618 107 1163618
193 0 0 0 0
194 0 0 0 0
195 0 0 0 0
196 6 312 6 312
197 9 468 9 468
198 0 0 0 0
199 0 0 0 0
200 0 0 0 0
201 7 1880 7 1880
202 0 0 0 0
203 0 0 0 0
204 0 0 0 0
205 0 0 0 0
206 3 156 3 156
207 0 0 0 0
208 0 0 0 0
209 0 0 0 0
210 0 0 0 0
211 0 0 0 0
212 0 0 0 0
213 0 0 0 0
214 0 0 0 0
215 0 0 0 0
216 0 0 0 0
217 0 0 0 0
218 0 0 0 0
219 52 66830 52 66830
220 8 6303 8 6303
221 1 77 1 77
222 3 241 3 241
223 0 0 0 0
224 0 0 0 0
225 55 45516 55 45516
226 6 2256 6 2256
227 0 0 0 0
228 0 0 0 0
229 0 0 0 0
230 0 0 0 0
231 10 2036 10 2036
232 0 0 0 0
233 0 0 0 0
234 0 0 0 0
235 0 0 0 0
236 3 156 3 156
237 0 0 0 0
238 0 0 0 0
239 0 0 0 0
240 2 191 2 191
241 0 0 0 0
242 0 0 0 0
243 0 0 0 0
244 0 0 0 0
245 7 1777 7 1777
246 0 0 0 0
247 0 0 0 0
248 0 0 0 0
249 0 0 0 0
250 0 0 0 0
251 3 156 3 156
252 0 0 0 0
253 0 0 0 0
254 0 0 0 0
255 0 0 0 0
256 52 45360 52 45360
257 462 4174318 462 4174318
258 527 6351123 527 6351123
259 0 0 0 0
260 0 0 0 0
261 7 1880 7 1880
262 0 0 0 0
263 18 936 18 936
264 4 1062 4 1062
265 0 0 0 0
266 0 0 0 0
267 0 0 0 0
268 0 0 0 0
269 3 156 3 156
270 0 0 0 0
271 4 318 4 318
272 0 0 0 0
273 0 0 0 0
274 0 0 0 0
275 0 0 0 0
276 0 0 0 0
277 6 486 6 486
278 0 0 0 0
279 0 0 0 0
280 0 0 0 0
281 0 0 0 0
282 0 0 0 0
283 0 0 0 0
284 0 0 0 0
285 0 0 0 0
286 0 0 0 0
287 0 0 0 0
288 0 0 0 0
289 0 0 0 0
290 0 0 0 0
291 7 1880 7 1880
292 0 0 0 0
293 0 0 0 0
294 0 0 0 0
295 0 0 0 0
296 3 156 3 156
297 0 0 0 0
298 0 0 0 0
299 0 0 0 0
300 0 0 0 0
301 0 0 0 0
302 557 11277376 557 11277376
303 1352 29091587 1352 29091587
304 1311 27733714 1311 27733714
305 258 4517917 258 4517917
306 2603 34921062 2603 34921062
307 0 0 0 0
308 2941 37723201 2941 37723201
309 21 3291 21 3291
310 6 312 6 312
311 0 0 0 0
312 0 0 0 0
313 0 0 0 0
314 12 2287 12 2287
315 0 0 0 0
316 0 0 0 0
317 0 0 0 0
318 0 0 0 0
319 3 156 3 156
320 0 0 0 0
321 7 1880 7 1880
322 0 0 0 0
323 0 0 0 0
324 0 0 0 0
325 0 0 0 0
326 3 156 3 156
327 0 0 0 0
328 0 0 0 0
329 0 0 0 0
330 0 0 0 0
331 0 0 0 0
332 0 0 0 0
333 0 0 0 0
334 0 0 0 0
335 0 0 0 0
336 0 0 0 0
337 0 0 0 0
338 0 0 0 0
339 0 0 0 0
340 0 0 0 0
341 0 0 0 0
342 0 0 0 0
343 0 0 0 0
344 0 0 0 0
345 0 0 0 0
346 0 0 0 0
347 0 0 0 0
348 0 0 0 0
349 0 0 0 0
350 0 0 0 0
351 7 1880 7 1880
352 0 0 0 0
353 7 1777 7 1777
354 215 786638 215 786638
355 0 0 0 0
356 3 156 3 156
357 0 0 0 0
358 0 0 0 0
359 18 936 18 936
360 0 0 0 0
361 0 0 0 0
362 0 0 0 0
363 0 0 0 0
364 0 0 0 0
365 0 0 0 0
366 0 0 0 0
367 0 0 0 0
368 0 0 0 0
369 0 0 0 0
370 0 0 0 0
371 0 0 0 0
372 0 0 0 0
373 0 0 0 0
374 0 0 0 0
375 0 0 0 0
376 0 0 0 0
377 8 708 8 708
378 0 0 0 0
379 0 0 0 0
380 0 0 0 0
381 7 1880 7 1880
382 0 0 0 0
383 59 63503 59 63503
384 0 0 0 0
385 0 0 0 0
386 3 156 3 156
387 0 0 0 0
388 3 156 3 156
389 0 0 0 0
390 0 0 0 0
391 0 0 0 0
392 0 0 0 0
393 0 0 0 0
394 0 0 0 0
395 0 0 0 0
396 34 29941 34 29941
397 641 5449239 641 5449239
398 391 5078584 391 5078584
399 0 0 0 0
400 0 0 0 0
401 0 0 0 0
402 0 0 0 0
403 18 936 18 936
404 0 0 0 0
405 0 0 0 0
406 0 0 0 0
407 0 0 0 0
408 0 0 0 0
409 7 1777 7 1777
410 184 2013697 184 2013697
411 481 3632900 481 3632900
412 821 5794489 821 5794489
413 40 127866 40 127866
414 31 26917 31 26917
415 15 6236 15 6236
416 6 5068 6 5068
417 24 3899 24 3899
418 14 47525 14 47525
419 32 14002 32 14002
420 48 35355 48 35355
421 4 4169 4 4169
422 12 8031 12 8031
423 0 0 0 0
424 10 12344 10 12344
425 9 468 9 468
426 6 312 6 312
427 0 0 0 0
428 0 0 0 0
429 3 156 3 156
430 0 0 0 0
431 0 0 0 0
432 0 0 0 0
433 0 0 0 0
434 0 0 0 0
435 0 0 0 0
436 0 0 0 0
437 0 0 0 0
438 0 0 0 0
439 0 0 0 0
440 0 0 0 0
441 0 0 0 0
442 0 0 0 0
443 7 1880 7 1880
444 0 0 0 0
445 0 0 0 0
446 0 0 0 0
447 0 0 0 0
448 3 156 3 156
449 0 0 0 0
450 0 0 0 0
451 0 0 0 0
452 0 0 0 0
453 0 0 0 0
454 9 2102 9 2102
455 42 82767 42 82767
456 0 0 0 0
457 0 0 0 0
458 26 27282 26 27282
459 6 5369 6 5369
460 0 0 0 0
461 0 0 0 0
462 0 0 0 0
463 0 0 0 0
464 3 156 3 156
465 0 0 0 0
466 0 0 0 0
467 0 0 0 0
468 0 0 0 0
469 0 0 0 0
470 0 0 0 0
471 0 0 0 0
472 0 0 0 0
473 7 1880 7 1880
474 9 2131 9 2131
475 0 0 0 0
476 0 0 0 0
477 0 0 0 0
478 3 156 3 156
479 3 156 3 156
480 0 0 0 0
481 0 0 0 0
482 0 0 0 0
483 0 0 0 0
484 0 0 0 0
485 0 0 0 0
486 0 0 0 0
487 0 0 0 0
488 0 0 0 0
489 7 1777 7 1777
490 37 39659 37 39659
491 0 0 0 0
492 0 0 0 0
